https://encrypted-tbn0.gstatic.com/images?q=tbn%3AANd9GcRjMY1dQhEPnQfbxEL7io9oLnWM3-Rd7Qc_6bK3ZZaWHCXFU1FG
https://encrypted-tbn0.gstatic.com/images?q=tbn%3AANd9GcSaeqO4IMxZu7LcZiUmww8lbJ98ZbxmLGmCCY_bO53zxT0h6WCO
https://encrypted-tbn0.gstatic.com/images?q=tbn%3AANd9GcRW5LgI9rSD2cZhk1lsAxd43br2DHTcXCcfB1b_hwHf7iaIS3c_
https://encrypted-tbn0.gstatic.com/images?q=tbn%3AANd9GcQQwFNkxe64Io-kBtXiVJmlDIja_Luv5SeTVp7-H9B6y5fK49w9
https://encrypted-tbn0.gstatic.com/images?q=tbn%3AANd9GcRjNe-Pn47wgo0uHH1FzFO_K_HZWgdHQsD3cVY-ohfhZNJ1pH_b
https://encrypted-tbn0.gstatic.com/images?q=tbn%3AANd9GcR-yCe5r3kHSE1tvZYKn5j8V59YAv1IvS7YL5I3wiVXOjXmiH4w
https://encrypted-tbn0.gstatic.com/images?q=tbn%3AANd9GcRtp1Er9STCxxe8Txs_1QPEylmS2Xfmq5el0lzhD3ZgCIaTQlCn
https://encrypted-tbn0.gstatic.com/images?q=tbn%3AANd9GcR9Ag51E8QC03O79xmEnSxs88MFVP_8CzfbK3y6wzz8Tk5iQlOk
https://encrypted-tbn0.gstatic.com/images?q=tbn%3AANd9GcRJIw4YEmYUW6_GdUWWvaEwxPw7USGWQpB3P7BKaUzh1XJz_LS0
https://encrypted-tbn0.gstatic.com/images?q=tbn%3AANd9GcTZZTwGQ0qyz_U4Y2rRjiTB72pD0tg9dG_SpUYU9XIo6WG8O9IN
https://encrypted-tbn0.gstatic.com/images?q=tbn%3AANd9GcTkCQHDueJ_2wIA3PP9R93BnKRFqMc5BTz8slKVn48l5FpAakBy
https://encrypted-tbn0.gstatic.com/images?q=tbn%3AANd9GcR9FKxYCQ0TEkkxqMupPjhusWvp8nJDLN8tVkhMSUvboufuo1Rr
https://encrypted-tbn0.gstatic.com/images?q=tbn%3AANd9GcQaSXkWrH5nUirIfhPzvwm4A_M1ND_nowAUgNJmCkvHtcXgtHlD
https://encrypted-tbn0.gstatic.com/images?q=tbn%3AANd9GcQ2uiWh7EgE6dMPPmS9Dzc9bWWGhRi6YVUWgBab7wB8Kh-dhn5R
https://encrypted-tbn0.gstatic.com/images?q=tbn%3AANd9GcTB6MULGoN2aqI8heq-55tg8arjr_rg3tX6phewbAttBwVNSFiV
https://encrypted-tbn0.gstatic.com/images?q=tbn%3AANd9GcTsFcLcy-ACqVj6r2LEnNY9PcLKJq8x9bHeqyF_m0nRNMQYh1a9
https://encrypted-tbn0.gstatic.com/images?q=tbn%3AANd9GcRGUAjaNemuLmMlNGDb7n0T02e2v3j21nWVw2KTSLTVfkkShVRm
https://encrypted-tbn0.gstatic.com/images?q=tbn%3AANd9GcQRQDGL-VPBjAUFAjfDpWNX4nVEVRl2FFPsVcmqIxcpR02IgkT4
https://encrypted-tbn0.gstatic.com/images?q=tbn%3AANd9GcTGJUqLAmWddzvYGD8zpXvySVVOOTx2Koh136uP2luQV94a8ZBK
https://encrypted-tbn0.gstatic.com/images?q=tbn%3AANd9GcSZaKfd82ZPsQIj_PQ--WFUPlTguKK8LhZKp0-C_C4hOTKk6chL
https://encrypted-tbn0.gstatic.com/images?q=tbn%3AANd9GcT206gNKz7JoY7h4TbrmYJVKD7IVFdYmw0TubpZJV2toXvTh72x
https://encrypted-tbn0.gstatic.com/images?q=tbn%3AANd9GcT_Wn6T0rQgjs6xRDVhhiQx2CUlTyK2YrYCrsU_Y0se2b1DA134
https://encrypted-tbn0.gstatic.com/images?q=tbn%3AANd9GcQhaWqW2IjpYprOC2w9Xw2_8zL9snMp1d6TJ-x3WES1szDqeFt5
https://encrypted-tbn0.gstatic.com/images?q=tbn%3AANd9GcQx-scZ3fSMY-F5uK94cniRGhwV3zZRChOWVfiBZCMLfqiy4BTt
https://encrypted-tbn0.gstatic.com/images?q=tbn%3AANd9GcQAd103V2X6Ls2TQan8mozM8-Rh8wlHYd8PHiJoLCc-HJLEm6WN
https://encrypted-tbn0.gstatic.com/images?q=tbn%3AANd9GcQ2EzliercaaTFjvPa3rCyyk9S40Bd7Up-lF7mSqLaTOPq3g1vf
https://encrypted-tbn0.gstatic.com/images?q=tbn%3AANd9GcTanKWf_c8zmsNAwUwnARthUO9sJidBNfRObkbeohtM9HTDCPP1
https://encrypted-tbn0.gstatic.com/images?q=tbn%3AANd9GcSYImwMnNPMbVYzHw0QuYhm__AzzVLoP_Bwe9AcqcIpmURBGSZk
https://encrypted-tbn0.gstatic.com/images?q=tbn%3AANd9GcTCDzzJLCtMWXantuyZ_IrfS9zoyXieaFe5_SpKmhzuJ4aO9QHd
https://encrypted-tbn0.gstatic.com/images?q=tbn%3AANd9GcQe7J4rw3c9DOer5BiPQCAsJUmtseP5fGLE2nuWahKp6XyQM0Iq
https://encrypted-tbn0.gstatic.com/images?q=tbn%3AANd9GcSY6_P0XySDYeZl9_2rcnd0B4ZPYaqBZit00wIxQIACJowdhMUU
https://encrypted-tbn0.gstatic.com/images?q=tbn%3AANd9GcTgBYaNg7qXW_d2tQCsHFNuZ4RMIdSzP58nj3Dak4e89pHwJmWo
https://encrypted-tbn0.gstatic.com/images?q=tbn%3AANd9GcS2iJh6TDtMwTOw-g6eptPiUh4rfEWU73CzMfLc3_Eqwm9N8ENV
https://encrypted-tbn0.gstatic.com/images?q=tbn%3AANd9GcS5CCtWMFugcYCQd8RmmvCSZCuecV0yWjEerDt5JmIQX58gb6pn
https://encrypted-tbn0.gstatic.com/images?q=tbn%3AANd9GcQ-PSbGIInqDauHk5D-l3j-XvMcRFcfTm8hXmysVQRtf4DYGuzH
https://encrypted-tbn0.gstatic.com/images?q=tbn%3AANd9GcQSDwMF4fciuYMWRJoKSKGGTMuX6PyzU_Qk4lzd4QykMrJtORM_
https://encrypted-tbn0.gstatic.com/images?q=tbn%3AANd9GcSnV9a2dR4QqbuiW753tIznPeaJePEnbqIrmmfi7Jc-oxtXFhA8
https://encrypted-tbn0.gstatic.com/images?q=tbn%3AANd9GcTod_FyD6Dkqh1TJV7It8hQOaYZKUK1XZ7fQD-mXNiuCg1rktXX
https://encrypted-tbn0.gstatic.com/images?q=tbn%3AANd9GcRDuWwRNZIdNZVmXbU5nfPSMvb01NqdRx9OqvbPm7QOE7Mcen3A
https://encrypted-tbn0.gstatic.com/images?q=tbn%3AANd9GcSMN3CML8Hcpv6HgWOVequevVdvPByFF0Os_G1gtHcxz33zKDyL
https://encrypted-tbn0.gstatic.com/images?q=tbn%3AANd9GcTKRH8OoLm0nF7K2Nu4lwglBjYj1s9ga4d1JXkuJJAIXGU9zlal
https://encrypted-tbn0.gstatic.com/images?q=tbn%3AANd9GcRk_HgJyXSty6jE1gEOFwHxwfQZM8tK4gDC5lS0B4KjYALkr1Wz
https://encrypted-tbn0.gstatic.com/images?q=tbn%3AANd9GcQ8gHm7VSYJNE_5Kcl1BZoa5QIcReJcwEw4Xre8lqSEcUub7TLG
https://encrypted-tbn0.gstatic.com/images?q=tbn%3AANd9GcT5SlK4LzyTDql8SvExCqSMYKGyCdzIf5TnZTw3s-qzEVrarZ6k
https://encrypted-tbn0.gstatic.com/images?q=tbn%3AANd9GcQ7hePRpeHzW2I9v_qKI7aNhtef2oIa_UPd282fze1suCbeBfR_
https://encrypted-tbn0.gstatic.com/images?q=tbn%3AANd9GcRjJcZ5xIBeNnlXHxMZzDtupi53Yka2-RAlXIszQH2ek4PXdB0B
https://encrypted-tbn0.gstatic.com/images?q=tbn%3AANd9GcShDxM6SdseCp4ZaXLadLyq7dDm3nSBR72yx_M69zA-UHqFDhIh
https://encrypted-tbn0.gstatic.com/images?q=tbn%3AANd9GcRqQlxM55R54hdF80Dlc_pRsR7EAgovHLo5LP-38ll4yxGpCtxH
https://encrypted-tbn0.gstatic.com/images?q=tbn%3AANd9GcTOAK9bmNha4CUNTZgzXloTi3h7CmTRiWwBt2xDLYVCG5sDru8b
https://encrypted-tbn0.gstatic.com/images?q=tbn%3AANd9GcSgq4_5G9EyAyW6a7VHpAt_Demc6IlZJyGQS8KDjx0ajE5gC8gx
https://encrypted-tbn0.gstatic.com/images?q=tbn%3AANd9GcQd76CBICzhuRKhqBC2qfq8QV_KPomIw6GUv8cvZO8k-ENFS78Z
https://encrypted-tbn0.gstatic.com/images?q=tbn%3AANd9GcQoQV1VljazTDZ2-5iePEYgTOidbHmQpVQqsLTrTBhQ2A_sjRwq
https://encrypted-tbn0.gstatic.com/images?q=tbn%3AANd9GcTHDXHSjZcVbfnE1nLGYxk2zDehc7GP9EkxmjmHCdKrCCL8n9uv
https://encrypted-tbn0.gstatic.com/images?q=tbn%3AANd9GcTvHa1ZA0OxGr9nYBAY7xgYqFaLi5orR7UYOXZF0RcE60o-j5-1
https://encrypted-tbn0.gstatic.com/images?q=tbn%3AANd9GcQkFzCJRINq8x5jIoBljd7akvUvgLQZBmfMSbZy8nXA_jBuPiyF
https://encrypted-tbn0.gstatic.com/images?q=tbn%3AANd9GcR0aLyPx5s9RfY6QTKu38AExmyOeOdaHSPpcZrwjYW3j65lQ0Rb
https://encrypted-tbn0.gstatic.com/images?q=tbn%3AANd9GcQTdAGieri2viJ-zFw3w3zDwg9aDEFfc1gT0ixDPEDMXHrcriY6
https://encrypted-tbn0.gstatic.com/images?q=tbn%3AANd9GcRq9h7vMY9TViZhWnyzjFGj69Zh5y2hwb68zxBRQZo6uyZd0Tpu
https://encrypted-tbn0.gstatic.com/images?q=tbn%3AANd9GcQQw-vqQOo7T0E_zZcZ-ThuPF9N5ulEIpfEdSKKlMY_O_p5_hC2
https://encrypted-tbn0.gstatic.com/images?q=tbn%3AANd9GcTQ-CsrFxN0-R14z-LFWweJ_pxAPVznTE6zb8GUEkmIoJwxsmKw
https://encrypted-tbn0.gstatic.com/images?q=tbn%3AANd9GcR8q6YV8TCdTOihUI--Rg6xqDJVhZS0vcKwwUnqFzfqvMvkvFWe
https://encrypted-tbn0.gstatic.com/images?q=tbn%3AANd9GcTAfZ1RLNyWlWT0ctpP4HwFfNzab-tf5uRT1Q9Tl6o9onIXHRdt
https://encrypted-tbn0.gstatic.com/images?q=tbn%3AANd9GcQ3XG7yKAKE0h3hs9OaSzjrgSLPblCz1nc8her3jCQARJvdlIiZ
https://encrypted-tbn0.gstatic.com/images?q=tbn%3AANd9GcSW378ett-ygisSyZTSs2W2a0jaKH-srtsP6ipTwkNDEVhiHWBp
https://encrypted-tbn0.gstatic.com/images?q=tbn%3AANd9GcSEyqwMi9vZY8L2J8rOK-zRyzZ14pQwIPOAtOguRe4mud1GfOHT
https://encrypted-tbn0.gstatic.com/images?q=tbn%3AANd9GcS_YzqUnCdpQ5YQ-MP7Kqi_V12ktueTBn3kpwgktzuuBvM-DusV
https://encrypted-tbn0.gstatic.com/images?q=tbn%3AANd9GcTLh8w3ssWrz0vlQBAH0es48sh38U6cypEu7rfVFuhOAdpzIT9s
https://encrypted-tbn0.gstatic.com/images?q=tbn%3AANd9GcT3gOB7EgtE0bGc0PnNdvZ6YSUe0vI7Eof6XcrIh0t07n5YB8-8
https://encrypted-tbn0.gstatic.com/images?q=tbn%3AANd9GcS5GkYL8LxYULtrZMppSc4KmHE25rU5Ag40nLKBTJWi8PLPcldN
https://encrypted-tbn0.gstatic.com/images?q=tbn%3AANd9GcSQHPCpJnXvPpjSOlU2iWbEoltfiM2Gdgy55SBHwAIrCceQ30Kv
https://encrypted-tbn0.gstatic.com/images?q=tbn%3AANd9GcTn9-coboCYIEmMVQRtgIPN2PtBvISwbDuZ7jehMNawOYv6AUjS
https://encrypted-tbn0.gstatic.com/images?q=tbn%3AANd9GcR2AKbJ_ik5yffTDngembZ8G-vuGEPMmbzAir7uIAq2tkQ0vs0o
https://encrypted-tbn0.gstatic.com/images?q=tbn%3AANd9GcRjdgx0pOSkUArgITqmOOVW3CuU505bdQUyHCtbXAAHMuA4dVQl
https://encrypted-tbn0.gstatic.com/images?q=tbn%3AANd9GcSYFJLaYIcmBlXz3d4suuhhXZsBLuaS03wEhZ4xngdxSrEYPGtb
https://encrypted-tbn0.gstatic.com/images?q=tbn%3AANd9GcQVlrpeqniRq7tjaZzNjsMoqXyDFaZBfSdh2doK5vHN0af8kLHM
https://encrypted-tbn0.gstatic.com/images?q=tbn%3AANd9GcT6mS9lYxVaMeiRbAu3MB1V0EwXE8HTFH1lECtf46QQs8FZE2Nc
https://encrypted-tbn0.gstatic.com/images?q=tbn%3AANd9GcQjnzjd_3l-zzzoAY3wXSa_3-hTtryMPNP4Y0sdW4caZm3_5XEH
https://encrypted-tbn0.gstatic.com/images?q=tbn%3AANd9GcSDaEeGsmhx7jSWhP7ACATCnuWne1XLMbObYJQkzx7t4jbkgdha
https://encrypted-tbn0.gstatic.com/images?q=tbn%3AANd9GcSgSFNBBuOFFpigvSiRehlFRWu8u7w4rrp08C7crvRvWZJ-IghR
https://encrypted-tbn0.gstatic.com/images?q=tbn%3AANd9GcSggU4nnv6sUulZRsQayk9PNSI9sxjxQoAROICceOB0kgzCPcNm
https://encrypted-tbn0.gstatic.com/images?q=tbn%3AANd9GcTgLNHqGk6V1sZARFP4eGRm7xkkt8uTpo8uOShXH4mIhyPLR5tl
https://encrypted-tbn0.gstatic.com/images?q=tbn%3AANd9GcQ5M_UrHkeNvgOUCdNYhuGQTsMkk0ushy5_1dtRMnm8PRAEPacz
https://encrypted-tbn0.gstatic.com/images?q=tbn%3AANd9GcQJCJ0ri-V6Wrj5AmxqJofIQgu53YLLIW6YfkKZMlE6s_W850N9
https://encrypted-tbn0.gstatic.com/images?q=tbn%3AANd9GcRf3dH2hl9tBh5dyLBwQKANAxXPJjUHc3XKB-fSArOsJy2nBHGA
https://encrypted-tbn0.gstatic.com/images?q=tbn%3AANd9GcQTnz7oCXltnRgTJ1mlGPg1LAzH3Y7WcuNNPJMHpWZLve-EYmtN
https://encrypted-tbn0.gstatic.com/images?q=tbn%3AANd9GcQrwArZxdZcae1bpxniC9s4BfjvyOcjgOGr7LR414n7L6_xBZ0f
https://encrypted-tbn0.gstatic.com/images?q=tbn%3AANd9GcRsmJlH8Y99Wq-T70mgcSq0bPbgEcHt6IBjPgMu-CKpE2CpsVx6
https://encrypted-tbn0.gstatic.com/images?q=tbn%3AANd9GcTFg5mcz_5NI_a81NaTZ8wzF2w7JNdGNj9Jms2bLZGOxSZiAbIo
https://encrypted-tbn0.gstatic.com/images?q=tbn%3AANd9GcRXaDIsXnXsGvRx6wOMKefHZFhqa_HXAouzU4YkjTnIdvB-_Gbo
https://encrypted-tbn0.gstatic.com/images?q=tbn%3AANd9GcQOJX_a8sCQoSlzyFtyltzKwVVNLJPxM365F2tatUC4q73i_XOY
https://encrypted-tbn0.gstatic.com/images?q=tbn%3AANd9GcTYm1RQvr-oypN0x0tmyl0V7VEBaGRJvfLh0Z0VsTVsLSOvByLA
https://encrypted-tbn0.gstatic.com/images?q=tbn%3AANd9GcRaBcbCZpKkZvkp-0YIW-PeETQjQuGSC6K1ZA3rtgnlex0cQiJ1
https://encrypted-tbn0.gstatic.com/images?q=tbn%3AANd9GcQq7BYLj-mNkcKZfXO2BN9G6gc3OwKV9YxiwGzgHh_LevPuEIoN
https://encrypted-tbn0.gstatic.com/images?q=tbn%3AANd9GcQ_PC9TRptOlK1zk9dUm9kIL3vGiVdcsLKQH_l7HuOnBxPdNxxL
https://encrypted-tbn0.gstatic.com/images?q=tbn%3AANd9GcStkK5WttRBIIpSftAuIoTial2qBu0R0eaFZyPN9OPs0qSjkpiQ
https://encrypted-tbn0.gstatic.com/images?q=tbn%3AANd9GcQideYPsoUMhn-QlGZw4FMzeTTXCBvPwB2yxSYdD4uhgQhZE533
https://encrypted-tbn0.gstatic.com/images?q=tbn%3AANd9GcRgujuFfJ7728fvGo_hVH9cjrfGo0Yg0OsVZ2zYiKZVn-bMWY8v
https://encrypted-tbn0.gstatic.com/images?q=tbn%3AANd9GcRGCFieaFyYZBzd2bJQnEtZTMWXl_m4Pj6clMYqH2h3xzitnvqq
https://encrypted-tbn0.gstatic.com/images?q=tbn%3AANd9GcRfxmj7teXdkgihh-0sb2Mo14V6ht2C9gG260eseJ-zZykwwAI2
https://encrypted-tbn0.gstatic.com/images?q=tbn%3AANd9GcTwk4khgDZIkyFS_rtw31i_9qwnyOwpmagw72xf71Kb5A54cfRu




















https://encrypted-tbn0.gstatic.com/images?q=tbn%3AANd9GcROJOGdwxJWJFQZZSlN5tGPF6QHSLXP_M63ZcKIboVJpsU972mZ
https://encrypted-tbn0.gstatic.com/images?q=tbn%3AANd9GcR5nwbe0-ZF1OhkAruRtTKFXl82K2cfLqEl45u2V9Ui3HCFK4TI
https://encrypted-tbn0.gstatic.com/images?q=tbn%3AANd9GcROkFTKPR-XhIJd0rrGYX49DzNImhYrh5sxEwaq6X2UGYcArXs-
https://encrypted-tbn0.gstatic.com/images?q=tbn%3AANd9GcR_-0C6aBXG3RZvwiAib9sh2gcUuIxD7RF0_Vw3M3yBNWFvZW33
https://encrypted-tbn0.gstatic.com/images?q=tbn%3AANd9GcQnnubP1-FU7wS4hgY_SmCbUl0hS4KWnX0tY4ELSBLQivWHF3AY
https://encrypted-tbn0.gstatic.com/images?q=tbn%3AANd9GcSwjLRAz5hdQOWUed-9TLUafpJXgEUtzH4s-qTx61IlWTHqEQ6c
https://encrypted-tbn0.gstatic.com/images?q=tbn%3AANd9GcSO7o8jQMcHxwJw6465PTnX6EVJCwhk84TLJZ8Iyb9DeUQzWPUw
https://encrypted-tbn0.gstatic.com/images?q=tbn%3AANd9GcQf-Q7N6bg3Tksp0aW7oGbLmqWFiqFR5YiOzUYBV0ZsQGG3NwFt
https://encrypted-tbn0.gstatic.com/images?q=tbn%3AANd9GcQ3NvKQugj5bwwyZbyjCi0MNzF-A4WyC6LPbaWNYoOCLJKf8-qF
https://encrypted-tbn0.gstatic.com/images?q=tbn%3AANd9GcQKwMBnkRK-ZRXKPFD3x4ZxEYC9fg4s04DWFkwZAMN9QiFlQZBj
https://encrypted-tbn0.gstatic.com/images?q=tbn%3AANd9GcQ_Nl444wF33oNVfrF1bhSRwb8mKOCRy3xZB0pjtGzL07C6cQw6
https://encrypted-tbn0.gstatic.com/images?q=tbn%3AANd9GcRa_c8ejWUbaHkzRlZvSx27cAAmCRk05wP9FCPZbtw0oPF2r7v6
https://encrypted-tbn0.gstatic.com/images?q=tbn%3AANd9GcS_AFjC87hMMZwRU1vX-5jV8Fcl8dYQJrAsOI3nrOz2c-eHu-td
https://encrypted-tbn0.gstatic.com/images?q=tbn%3AANd9GcSoVxZp_zexdiRGWkbH3JudhabEo1JeQIeYeeh8fG_WDATUi5vU
https://encrypted-tbn0.gstatic.com/images?q=tbn%3AANd9GcTwFL3SL-RKLfkoQ2BHxiKN8l5zUUY3GrGk10d-TBGC3rLTrYWk
https://encrypted-tbn0.gstatic.com/images?q=tbn%3AANd9GcTlnvzM4mz_WEThybucrPw1qatdkb0mPcfccWUaNsPwTqFtDANw
https://encrypted-tbn0.gstatic.com/images?q=tbn%3AANd9GcTUkby6Gq8_pS-0yLEK9adgAxX2O8pGgmzf3Nu5DpLWXYRbfMcf
https://encrypted-tbn0.gstatic.com/images?q=tbn%3AANd9GcTvvOxfhzFvsBo1sI7u2ExaQUdI0SW-hd2nfJcAVkTuWJ63CVFo
https://encrypted-tbn0.gstatic.com/images?q=tbn%3AANd9GcR73KVYS7bnDeLogbytd6WJHn2ekhocFctYuLsOnvPtvf4SIUXe
https://encrypted-tbn0.gstatic.com/images?q=tbn%3AANd9GcRCb1VKqbo7W5kJ97a8VRMwkCyG_ebFSLWKtTVtpvWIaZFArvHP
https://encrypted-tbn0.gstatic.com/images?q=tbn%3AANd9GcSQcTeAwvf_Y3h5cU4VeAUuCwgA2eOd-n4JsGYTugOl6EeJeums
https://encrypted-tbn0.gstatic.com/images?q=tbn%3AANd9GcSVr2Okk3o786OI-012LXacElTlZkI7J-SIMXfS7geP2DTVqS-K
https://encrypted-tbn0.gstatic.com/images?q=tbn%3AANd9GcTnlD15AUbqMJYSsmAuJik_qjM6lruC4OIKOLvVNJIGL32bwlon
https://encrypted-tbn0.gstatic.com/images?q=tbn%3AANd9GcQ8KomfEtWn--iCr9fDMXxYRzoGqunVcy0tObZh_FRkHzHsqv5e
https://encrypted-tbn0.gstatic.com/images?q=tbn%3AANd9GcQUi9Q7M5pTdA3qDoQJPZFVMNQacBhMZwN1_LsiaKqUClpogwdx
https://encrypted-tbn0.gstatic.com/images?q=tbn%3AANd9GcSt5qV5soGdWgzCgFyJ7mT9MRUmZRphtepNIvbZpHY-puNyVKB3
https://encrypted-tbn0.gstatic.com/images?q=tbn%3AANd9GcRRDRf_eVYTmbeBEF46xiXTZ6AfIkPBHcAuE1_tkaBGYN0KkIK3
https://encrypted-tbn0.gstatic.com/images?q=tbn%3AANd9GcRbr3vs8y6mSw8Ve6Yc1x0VuPWO9tYqvVxJ2-LVs3vO9V2azUDU
https://encrypted-tbn0.gstatic.com/images?q=tbn%3AANd9GcSMgxGUkK5NROycnldIBhqapy-BSbmdscIJptyu2kho6ofzndxK
https://encrypted-tbn0.gstatic.com/images?q=tbn%3AANd9GcRc34fe5VgrkqmDsV7acw8rJUnggTcuH__ZtqIzGMpxKULR2f7v
https://encrypted-tbn0.gstatic.com/images?q=tbn%3AANd9GcS_rDLMpZsLx75ClhTsXUNJj7Lvv8I1W3PyOo8uk9L4Ei-lWm4X
https://encrypted-tbn0.gstatic.com/images?q=tbn%3AANd9GcQ19pj9tzvaTrDygsOfxwXzQHg5wgPVu1IpUiG96xq8x8Nfd8ao
https://encrypted-tbn0.gstatic.com/images?q=tbn%3AANd9GcQRJUZ1tAaMUSGSmyQT_UU96PGghatpTpThU0U-N01fdj6wooMZ
https://encrypted-tbn0.gstatic.com/images?q=tbn%3AANd9GcQ9bwMa7NPHpc0jmXQKK_m1jpR4MCu2wyiMSeYB6Eh1ORTDKA27
https://encrypted-tbn0.gstatic.com/images?q=tbn%3AANd9GcQIzzAckXMOEH7DfCumwWzNguPeYSjOpsHUMbHonxZTTv36E8QL
https://encrypted-tbn0.gstatic.com/images?q=tbn%3AANd9GcRKbAmTSsSGJdq-IVcXY0zFo4E1ANnTKSEg9-HM2IJNUd90b4c7
https://encrypted-tbn0.gstatic.com/images?q=tbn%3AANd9GcS5-tgm15wJ14y8aKpNM1QR4ZTk_eJ0Hquke0BZePwrJ3y9vkia
https://encrypted-tbn0.gstatic.com/images?q=tbn%3AANd9GcSUh5nTWgoWIPCP6lv5qho5t8_Fx9MxuyCr3ERwlusu8pb-m1v_
https://encrypted-tbn0.gstatic.com/images?q=tbn%3AANd9GcRNW7z275hO5SEtkWRPukKrHIHbCEQ27L1IPBgGzxDDuzW1dhaA
https://encrypted-tbn0.gstatic.com/images?q=tbn%3AANd9GcS2N21riOIgS-xtB6dpxuvYA79zOUEJcRvLNwyrQvWYbalgS_Jm
https://encrypted-tbn0.gstatic.com/images?q=tbn%3AANd9GcRFoIuHXnWn3-5TDZrJfaXWdZDLQ0OsW2AJMVSWe37Xq1UIYVBS
https://encrypted-tbn0.gstatic.com/images?q=tbn%3AANd9GcTuo_wIAleQZdX3iv2oG0jgtavB4WO75slME6jteGBR663AArmc
https://encrypted-tbn0.gstatic.com/images?q=tbn%3AANd9GcQhJ2-dxC18L0zm7WEs2UfJHSbpATyz_VuQgxB8cmo9JQ3eVapE
https://encrypted-tbn0.gstatic.com/images?q=tbn%3AANd9GcRbpY1vjh4rcV9CG2dSQu9eDkWQdPlhuRgtRK7hPFxMWwOM1Iaz
https://encrypted-tbn0.gstatic.com/images?q=tbn%3AANd9GcQvLmIcaM6PBSedRp_aFe8TcjbkN_ZCNQNELE6Uq2LrWmhDkJL_
https://encrypted-tbn0.gstatic.com/images?q=tbn%3AANd9GcR_HrUK_mvHNBYZpbjiO0IPv4Ce-A-U276NOkE93B-7Sudmd3KW
https://encrypted-tbn0.gstatic.com/images?q=tbn%3AANd9GcSJdkDEpWGDdOrScoPz1_aXeeFtitiM3iFwmMccNT9LLlhK-CpF
https://encrypted-tbn0.gstatic.com/images?q=tbn%3AANd9GcSNb553fLaJEodWNLLI-bi7sl0xtqvw1xFy4iT7bedtg5MVndC3
https://encrypted-tbn0.gstatic.com/images?q=tbn%3AANd9GcTmXdrzrHmq7c5RPPdnLww_bs1-_WXySAfqxDQpqg9MN4xThERd
https://encrypted-tbn0.gstatic.com/images?q=tbn%3AANd9GcRVIVb9B1rhjl1F3S77ThZCwvr5K3rhZ4ZGvWC8wu7GQ07fsjoP
https://encrypted-tbn0.gstatic.com/images?q=tbn%3AANd9GcSP7hT9JSh7_lqgR_1I4WLpgrkrRTypRwTPN75_ejMtGt8v9Pbe
https://encrypted-tbn0.gstatic.com/images?q=tbn%3AANd9GcSYScyrLlm8Ex7R7uReCUpZ3jQ11IJLURxrZ6Qgr39mCnVHmRkj
https://encrypted-tbn0.gstatic.com/images?q=tbn%3AANd9GcQJytLc1ZJGfO72UI4l3NwO8eqlhuavKpxDWi1vbH_3BSZnpBT6
https://encrypted-tbn0.gstatic.com/images?q=tbn%3AANd9GcSOyT5ThKzpVt1Fws4O1nrjDp1K-RiKn5t6kiDXnuGamH2r4VIN
https://encrypted-tbn0.gstatic.com/images?q=tbn%3AANd9GcRXWakk4Th2nGwQrfkTHv44ev4yztbonqsSoj3PgRKqwMUP2YCX
https://encrypted-tbn0.gstatic.com/images?q=tbn%3AANd9GcQ7mUI_sUxRdKT5p5WNOuYHX3HN2YvzXEzM9INwh6tY-ibqoO1o
https://encrypted-tbn0.gstatic.com/images?q=tbn%3AANd9GcTB-wKQYmMgcfpYx59yWoj-0oq4TmErzpOyBgMZtbfpbFJOxy-t
https://encrypted-tbn0.gstatic.com/images?q=tbn%3AANd9GcSULB2FcuovMNABZySXQ0q0vI4Jc3DOWsxxdVn3ZyPAciM7MF8T
https://encrypted-tbn0.gstatic.com/images?q=tbn%3AANd9GcQv2HD2CBpgVVlWjvkU3NCWt8T8vCuCkaKYjCwXXwdQSSawphIq
https://encrypted-tbn0.gstatic.com/images?q=tbn%3AANd9GcSa7siAS-lB23LAK1Sqp8Jx_keyxljv8AIJ3K9pQWGVhKGmB6qF
https://encrypted-tbn0.gstatic.com/images?q=tbn%3AANd9GcROilQnRvM-nLuZHHZuXX-v9bLoFQNI18lZ3uzHVOmiBlILuX7r
https://encrypted-tbn0.gstatic.com/images?q=tbn%3AANd9GcQHHMEPZLsHrNB3XZHP5cL4xYLcSP5XP1gh5UTBwqUAHhMSF9jZ
https://encrypted-tbn0.gstatic.com/images?q=tbn%3AANd9GcQRQDGL-VPBjAUFAjfDpWNX4nVEVRl2FFPsVcmqIxcpR02IgkT4
https://encrypted-tbn0.gstatic.com/images?q=tbn%3AANd9GcSF7sJtd6zZxqb6qdEPVwLREviTxGSXwL8xYK3MFX8hl3sJ4Piw
https://encrypted-tbn0.gstatic.com/images?q=tbn%3AANd9GcT9GQqJTY3h_gPBSt9I_2s68U4u5On1mUMRJelUtywhGGq6SNHN
https://encrypted-tbn0.gstatic.com/images?q=tbn%3AANd9GcTpSY1MadtXUgj-SP1_7-egfqt9nCBoxZYWdVFRafmdVDTeLiE4
https://encrypted-tbn0.gstatic.com/images?q=tbn%3AANd9GcRxAPLJMCSVOfLfoAtGKP0iU5N68T3z6FNb8XuZKvX14CjwgVw5
https://encrypted-tbn0.gstatic.com/images?q=tbn%3AANd9GcQqRdXNFVc4hBGB7ChCrZnwlpe3wsqdcHC5_4aV1p_hKYmc4MvM
https://encrypted-tbn0.gstatic.com/images?q=tbn%3AANd9GcThyr8FCsZZGKHSI0q7b2ebra5zoXPMyWxt4D9vXq9IZCe-GbDa
https://encrypted-tbn0.gstatic.com/images?q=tbn%3AANd9GcRT7sygBAH4xr91u_hdFveV2fDbUYlAZ9SMjy902tyJ9d6Pgn6q
https://encrypted-tbn0.gstatic.com/images?q=tbn%3AANd9GcTokqqpcPD_tCAUAjYkzigWEDXhlQdzfXtk5bd4pVbsIqNOqJVd
https://encrypted-tbn0.gstatic.com/images?q=tbn%3AANd9GcQP4eOyCR_MzSLZhvi4Ntzty66krFiCkQzqQoIx69FZ2FMKFRt_
https://encrypted-tbn0.gstatic.com/images?q=tbn%3AANd9GcR48uXyKVUKHSUuX1zNEkHgL86Sj8JpK29x6irAZ9V-kZP2yh99
https://encrypted-tbn0.gstatic.com/images?q=tbn%3AANd9GcSDPtOWzkFV1jsouOicjU1cQwKdOuxTShpJnvOKSUbs2eK3f9Nl
https://encrypted-tbn0.gstatic.com/images?q=tbn%3AANd9GcQP5mmxR3X68Ab1OkEGNpoqkAA_MdP6S9z4Ewwxtkolpq_5AC2u
https://encrypted-tbn0.gstatic.com/images?q=tbn%3AANd9GcTcXLZUYegyn2pWQKHqn4Wb8OrGbM6VSuU9ilw_YskwoEidraJT
https://encrypted-tbn0.gstatic.com/images?q=tbn%3AANd9GcSXxOYhWba4BZWMVRugqU9q70YTdGpyXbfPHeReJcRj5_kryG4V
https://encrypted-tbn0.gstatic.com/images?q=tbn%3AANd9GcRYSG-0MJB6Fv-LejqxpK2OMyTqm3DvwRJKjZg0ZU-lSopE6NKp
https://encrypted-tbn0.gstatic.com/images?q=tbn%3AANd9GcTT4RiktTeZULT0yBJadwvt5YHLQOQTLhrSXcJaj_Jve1zNywfl
https://encrypted-tbn0.gstatic.com/images?q=tbn%3AANd9GcRsvK7FhNs4l8XiHlO46g8XWcFSYkkFsJLJLmZACFjyAhrvPban




















https://encrypted-tbn0.gstatic.com/images?q=tbn%3AANd9GcTnlD15AUbqMJYSsmAuJik_qjM6lruC4OIKOLvVNJIGL32bwlon
https://encrypted-tbn0.gstatic.com/images?q=tbn%3AANd9GcR9Z8PgBND7YI7xhN0BUuhcpl3L982dFXcudelFmUxmJiR0jQp4
https://encrypted-tbn0.gstatic.com/images?q=tbn%3AANd9GcQUU-HQtN0UlXeFNo2N9Kh7cltLYn7GAj_Kldt45eGgdBK-RKSC
https://encrypted-tbn0.gstatic.com/images?q=tbn%3AANd9GcRWByE_Dp9FLGpaRt9JbFtbL3DQPgLlGKYw7Nk-E9_23jviDAzU
https://encrypted-tbn0.gstatic.com/images?q=tbn%3AANd9GcSUMAKOc8rvkTALtdg-n8SCwISGw5NaUAjpPUNeXVQrCb5E8-bA
https://encrypted-tbn0.gstatic.com/images?q=tbn%3AANd9GcTIzLHD78q4KCobkUgOtNvqenzQpVrNuMljy_M6tPqlKyFno-K9
https://encrypted-tbn0.gstatic.com/images?q=tbn%3AANd9GcTghmuw2vTGJ78qriBMU9R8EhkFU4NwDORFC-gBvY7jrt9hVB9S
https://encrypted-tbn0.gstatic.com/images?q=tbn%3AANd9GcSd1qp3Jq8NcQji2JBmywBOn1VBVgPys44REL85-NMPZcuQQhGF
https://encrypted-tbn0.gstatic.com/images?q=tbn%3AANd9GcQ8Lsz4S6Ur7EcOCx3BGaQwZXX6r1bmbeImnZtwNiRt7YB8zDww
https://encrypted-tbn0.gstatic.com/images?q=tbn%3AANd9GcQBNOwbTspFE0YjMaoo0LETjieqc00cEOXygrt370f6n9ztPgbo
https://encrypted-tbn0.gstatic.com/images?q=tbn%3AANd9GcSWM_FBxjURUxZtxw_m17DPlkqZ9l2gdeWG1-erQDt2xRwV4XZZ
https://encrypted-tbn0.gstatic.com/images?q=tbn%3AANd9GcSUNxRPElfatZ8kCVyEM6HW27DH5xSLr4W40RDSR98yxGm7cAxR
https://encrypted-tbn0.gstatic.com/images?q=tbn%3AANd9GcSDL8oN64yk2bIgIzQufNCA04UFWB0QaLdbXSMX_H2cX48p5wFW
https://encrypted-tbn0.gstatic.com/images?q=tbn%3AANd9GcT__-tmy0c2XK-fbYSOOZ2KnIfFqYEah0LwfHZ9LJMxPYN8dEny
https://encrypted-tbn0.gstatic.com/images?q=tbn%3AANd9GcRmiHInA05dKVCl7yqv5ntsE5UrcZ2Z52lt6mffCBZQ6tYh6oE5
https://encrypted-tbn0.gstatic.com/images?q=tbn%3AANd9GcRrQawmzoe8rcIFTlo5JxZHGI1AsXtC8-fqNjsYRRWOPDXQGP8f
https://encrypted-tbn0.gstatic.com/images?q=tbn%3AANd9GcQU7kIHx4RQYyerjYB9w8fci3IswFMou11xwHM6S0vavN3Jve0A
https://encrypted-tbn0.gstatic.com/images?q=tbn%3AANd9GcRyoZ0kdZhO64UKxu6i9izkoy3b1cxKMQzOcCcgEYC1UE9nqJDG
https://encrypted-tbn0.gstatic.com/images?q=tbn%3AANd9GcRkcf5qhTW5VxcySCUyFcuyvktz8W0EJnezBCKmEpgrewG94Vop
https://encrypted-tbn0.gstatic.com/images?q=tbn%3AANd9GcSLXXq1MLvCTQdnnRjS1e_G_AL8OQW3FLRSVZtbvaUud_mZUfvs
https://encrypted-tbn0.gstatic.com/images?q=tbn%3AANd9GcRgVqpCxJJH6YxzpRFIWxDluTQe6u-rijeP-cYpHqgPoHdlPoZb
https://encrypted-tbn0.gstatic.com/images?q=tbn%3AANd9GcTKGrWVtpC9vp6mq3EDZvdOC3Bdt0SAWMbmiCGXUUpqtiD1eFQE
https://encrypted-tbn0.gstatic.com/images?q=tbn%3AANd9GcQf7y3TB6Q_EzgESH3nJ_2oBXfB8Tx3TYQUDodtg4kWGpUVeeeI
https://encrypted-tbn0.gstatic.com/images?q=tbn%3AANd9GcTf1gD-y43zCYJU76illqPHSrLJjZUsQ9BVs6Lsdrak-2ddPr0L
https://encrypted-tbn0.gstatic.com/images?q=tbn%3AANd9GcTmmgu_ceLvdkHUmlutNS8K5L1wi9SPQVgPdNZ6iJ3zLOUTBlrF
https://encrypted-tbn0.gstatic.com/images?q=tbn%3AANd9GcTsYDBKtZthhK0dgoP_FaS2ZeeCxZ-uhTWQA_E5nXyGh-oJgCk1
https://encrypted-tbn0.gstatic.com/images?q=tbn%3AANd9GcTBnMW5ROcxWSk5kig5Zg84vM8WuVOUqTVDlEoYq4VA0nQpEu8d
https://encrypted-tbn0.gstatic.com/images?q=tbn%3AANd9GcSYohnduwNJTkPpbv7z_ey2eSUk9LaxInFO5TZHoqfhF0-5F1CR
https://encrypted-tbn0.gstatic.com/images?q=tbn%3AANd9GcRc4wUFj2RM50ZerTgOBl7R8muQgdNaKuVEI3LXHdri78CN8gpK
https://encrypted-tbn0.gstatic.com/images?q=tbn%3AANd9GcTt-rfkXfcrpkZf7wOGS5HGOsxxBYZCsTiwSLtId8ebpNynhPkB
https://encrypted-tbn0.gstatic.com/images?q=tbn%3AANd9GcRko1OnmTmsIBG9Lw-RIb7Z2C5qeunlQ55v4ml4tEba9ZOiZsKX
https://encrypted-tbn0.gstatic.com/images?q=tbn%3AANd9GcR99KLcwBugxGZww2VSOofYHOeblDp6owPkD-D83Bp4qyKrvltv
https://encrypted-tbn0.gstatic.com/images?q=tbn%3AANd9GcSYUZU0549E66WCC0WFzRKgs0vITrjQzxPVUsbq0CQjZJKU_Juk
https://encrypted-tbn0.gstatic.com/images?q=tbn%3AANd9GcQFbRPqD3IL6XV7KaSFp4_PsymzGUaMTGvg0n-pQTFmKnfEu_oA
https://encrypted-tbn0.gstatic.com/images?q=tbn%3AANd9GcTsv-HNTGW-lveOQDD6fZv-rhIM7akkq8BqqU7YVWZ0AYSeBobu
https://encrypted-tbn0.gstatic.com/images?q=tbn%3AANd9GcRQfDi_o0TSQ1HQ70ZxPXSMY4LMHI8mzkk6m-Y6clmE9ahCUCcP
https://encrypted-tbn0.gstatic.com/images?q=tbn%3AANd9GcTg9CDyyv_1j2DDSsvgJCraDrO_tFNPe28zKD5XaMDdjdLj4Jcq
https://encrypted-tbn0.gstatic.com/images?q=tbn%3AANd9GcSTTBxW-zb2ClzbHMG5QbkD7f1Mm1c6H4mNvQcKKXYlvVuPDt5w
https://encrypted-tbn0.gstatic.com/images?q=tbn%3AANd9GcTZDk0ZJp0ACCghMfDCQRwt4Rn0Ld1Mu-3HLW__yzlnHca_OGbc
https://encrypted-tbn0.gstatic.com/images?q=tbn%3AANd9GcSwAFm_pl3xyHwqYvB3LBQunuawCHDpTY_wCo-vkXMZoVqb4nV4
https://encrypted-tbn0.gstatic.com/images?q=tbn%3AANd9GcRxt9e02ccBK9_u0TA1qqkc-SzcWgm-g6wSToLXudTAQ10Nq03b
https://encrypted-tbn0.gstatic.com/images?q=tbn%3AANd9GcSc48M1DBZobLSLK5tV7_rTnjiUvSdnCRPZ03TkmeOxA6C1v4sS
https://encrypted-tbn0.gstatic.com/images?q=tbn%3AANd9GcRl0bptx0YTWdp3gGnrjHwFawEaqIOtPEcS8neu_nHucWmc23Vj
https://encrypted-tbn0.gstatic.com/images?q=tbn%3AANd9GcTgeb3B2IdRV5qtMv_Kt7IIzNf-hHKWLQ0BJTpLbpFqS9dfeRvD
https://encrypted-tbn0.gstatic.com/images?q=tbn%3AANd9GcQRx9SzGs9tLzw-d8unWC48q3MNhI-_PJ68BKhNoYCpJi7hVnt4
https://encrypted-tbn0.gstatic.com/images?q=tbn%3AANd9GcQaCEnqYAj2HgrlHIa_AnYZX_ePTo-hxEysVmMglF6G_Wfdcou6
https://encrypted-tbn0.gstatic.com/images?q=tbn%3AANd9GcT_lxMKPNsipMrL2P62eYvnPYaYb4rlahlbXmIIKEefG7YdF5Sh
https://encrypted-tbn0.gstatic.com/images?q=tbn%3AANd9GcSOyT5ThKzpVt1Fws4O1nrjDp1K-RiKn5t6kiDXnuGamH2r4VIN
https://encrypted-tbn0.gstatic.com/images?q=tbn%3AANd9GcQJ2loaw-6q88gIGM1_a2uL4rwKc2P3CefvCxe8lBm0Fd_hmMbs
https://encrypted-tbn0.gstatic.com/images?q=tbn%3AANd9GcS2K56n1iNSSdjCaVBUUcsQlt8DP4Q2qeS4OlkDQjcE6hCREEFC
https://encrypted-tbn0.gstatic.com/images?q=tbn%3AANd9GcR8T4q_z4ELaJq4JO9-Td0RN7r3y4RGuND5Pr0h9FSlIHWiG6JK
https://encrypted-tbn0.gstatic.com/images?q=tbn%3AANd9GcTB-wKQYmMgcfpYx59yWoj-0oq4TmErzpOyBgMZtbfpbFJOxy-t
https://encrypted-tbn0.gstatic.com/images?q=tbn%3AANd9GcT1v067Xmw-a7aHPKO8Jc64vKiXMHI7bgnqjvaji4Fir47MC8tI
https://encrypted-tbn0.gstatic.com/images?q=tbn%3AANd9GcRG8NZ2YLM2lWojvrCzCQUZkUbESXIDPL9AedAlH0GjOlDY5Pxg
https://encrypted-tbn0.gstatic.com/images?q=tbn%3AANd9GcS-MjM4bYPEcKgv8wvFRrfhQq43jXDmn1io8G_cSrqTinqfDfKC
https://encrypted-tbn0.gstatic.com/images?q=tbn%3AANd9GcTBt2QEcSZdzfvy-x1IGjGldOm4VfXR-Y7bsO2Gc015N9iUJbtB
https://encrypted-tbn0.gstatic.com/images?q=tbn%3AANd9GcSBBrXhR33Sdzz4qGCKRjdgb3HaqltUFjUjUGoVtzYV0I6AvSwW
https://encrypted-tbn0.gstatic.com/images?q=tbn%3AANd9GcR5CRuVPBJYcg6qE4f6DG28i0CKbmuVv8MiaXtmKSK7U91k0CSJ
https://encrypted-tbn0.gstatic.com/images?q=tbn%3AANd9GcSxaloHMAO9UDiHjU16bq2aJxP0LMvp4AjJR_hylnVn1t-lgpiK
https://encrypted-tbn0.gstatic.com/images?q=tbn%3AANd9GcSmoBS-o-I9MP4st0Gh2KzmhUpW2z8nWP2iV6Vc8y1r3e9BkNxn
https://encrypted-tbn0.gstatic.com/images?q=tbn%3AANd9GcSwyJFOT_MKpmxgmXXrJZo-9ePDYMI0znpRx414-o25HXn89l7c
https://encrypted-tbn0.gstatic.com/images?q=tbn%3AANd9GcQhDuzdvClh9B1KnUIMTmrmEh1U0vcIeNP4B9LKG9VqRuJhwhmx
https://encrypted-tbn0.gstatic.com/images?q=tbn%3AANd9GcQe14idSWmMn7orTJO-BKx4stRibzCdPN-AnyiPwPXZgFfMcfza
https://encrypted-tbn0.gstatic.com/images?q=tbn%3AANd9GcQ0hTs0Ln9uGbGRTq3BvxRaeQboXzTrYHqvhUuWksjhGtC1ZhLU
https://encrypted-tbn0.gstatic.com/images?q=tbn%3AANd9GcQ4I4jawMZzBMRial0cG-5TLGkqV0lTrmFd5lKQ2kMUxB5C_Dvc
https://encrypted-tbn0.gstatic.com/images?q=tbn%3AANd9GcTleMVUU8jQKST1VWlUQyXOBSevdLkAXbvtqoLBVmkAbr3x9bFO
https://encrypted-tbn0.gstatic.com/images?q=tbn%3AANd9GcQWFiyqBlSvHYSll895czGk8Qb-SP1eqs7tqt_86hJfGoXTC5Pj
https://encrypted-tbn0.gstatic.com/images?q=tbn%3AANd9GcSG2rzoAjrOnYfwwezFQZmtw5yUINoCXJFjP2pXsFqwSARtk9b2
https://encrypted-tbn0.gstatic.com/images?q=tbn%3AANd9GcSkPgkmsL-68x3n1_AX2gtO9wSsCAWegPezwlm3R61qLsfbzMkS
https://encrypted-tbn0.gstatic.com/images?q=tbn%3AANd9GcRewUhOS5boQoWfb8Ve67Sal8SZ780juMlwgd-WXSiT-RlEhQRL
https://encrypted-tbn0.gstatic.com/images?q=tbn%3AANd9GcRNSuMb0VOALGZGox3hRiiKys03bKhe5qFImbnyR75-ox5qNBQn
https://encrypted-tbn0.gstatic.com/images?q=tbn%3AANd9GcQ9DVM5R0OkAIUeT22vzxUbWSXiKflQI0eSUb44dXwRlNCXGjoe
https://encrypted-tbn0.gstatic.com/images?q=tbn%3AANd9GcR9wuMArZUIX5QptX6-hJXFD3PNBmpTWgIqqL3-dbwCca3iUqS_
https://encrypted-tbn0.gstatic.com/images?q=tbn%3AANd9GcSBav-Nj0-Ati03VaMzdDr2R2ssQ6qfEvUCqxySafSnmLyTeT2O
https://encrypted-tbn0.gstatic.com/images?q=tbn%3AANd9GcRqxExVPqRe3KGFyGCwblMIxdocAluxPkGqFMN7rKi9uZFueEXM
https://encrypted-tbn0.gstatic.com/images?q=tbn%3AANd9GcTOru1d2907itNIMORQf1qnfwxA7ToYjXA_H-Cz6fFsSzvTCeXF
https://encrypted-tbn0.gstatic.com/images?q=tbn%3AANd9GcQR3Vrhu7bdFWHZvrBGid31zEQL4I32nIZvzajOR5yiaXKAG5aK
https://encrypted-tbn0.gstatic.com/images?q=tbn%3AANd9GcSWzNoCkvEVYnO7EmbKZ7P-tuPM4Q8gw7zQPv2mRUXDt802dEqE
https://encrypted-tbn0.gstatic.com/images?q=tbn%3AANd9GcTV7BSiSG-9TU6oOix6oS3XU2wg3WUH1Xj6QGlMY8JhbDs03K04
https://encrypted-tbn0.gstatic.com/images?q=tbn%3AANd9GcQ8z_UWuLvvhK-uhhPjM_lroulxfRoFMsFTMeRZ3DXCLjrX1JVq




















https://encrypted-tbn0.gstatic.com/images?q=tbn%3AANd9GcR7S1_to5ckrLrzmQoyDl-TVdFjPVuodoG7svgynloRvmp5HuFv
https://encrypted-tbn0.gstatic.com/images?q=tbn%3AANd9GcTfSmdDzN4UHB2uXhV8jqtqC0NGUc3uwxwtnsXlnc8hbRzXm4Mo
https://encrypted-tbn0.gstatic.com/images?q=tbn%3AANd9GcT-b0XkEbN_xwvWBViZ5viMsEm0Jt54o96BD59oNnD0AOzKhnc0
https://encrypted-tbn0.gstatic.com/images?q=tbn%3AANd9GcT86hRRIW-AMLWS2q9GxH0FPPRzUlSjaTc4fUCTN6StknTOG8LL
https://encrypted-tbn0.gstatic.com/images?q=tbn%3AANd9GcTFzHiIhM1vzcuBM9gtFJj2y6z5yWJ2lPi8w-hro36NRS7wBarp
https://encrypted-tbn0.gstatic.com/images?q=tbn%3AANd9GcR-6-jQQaGLxwukPG7noXUedfEyeF4UtR4WyQdJ4XJYmpHI8EBj
https://encrypted-tbn0.gstatic.com/images?q=tbn%3AANd9GcRgVqpCxJJH6YxzpRFIWxDluTQe6u-rijeP-cYpHqgPoHdlPoZb
https://encrypted-tbn0.gstatic.com/images?q=tbn%3AANd9GcR0yYhHctoWgXZCBXSYxTSbVZO-2jd8nwZfk_5adYFwkQAmzdql
https://encrypted-tbn0.gstatic.com/images?q=tbn%3AANd9GcRdT48vLOvcAy9DY11hhi9hxpun7dx3xCx1MmuUA1b-SPWxC4i7
https://encrypted-tbn0.gstatic.com/images?q=tbn%3AANd9GcQ0OSrKHaEtOtuMjoIjcs0BzLbeI-qXD2sKdsVDrmDatIdMF2NR
https://encrypted-tbn0.gstatic.com/images?q=tbn%3AANd9GcSzvGcCO-FOEIn_m6TnECGaEQ2OdVx5ouzHpGOhFCpCeU7czhbY
https://encrypted-tbn0.gstatic.com/images?q=tbn%3AANd9GcTYXKigjED34gT0mZDmH3wOJMnpOBlhW4iPwWnNV60QhPA2u2yX
https://encrypted-tbn0.gstatic.com/images?q=tbn%3AANd9GcSluoKbXKZoZ7Y1fIyzoxtO4dtovO-ozXR8Q1UFgul5JaWb9AEO
https://encrypted-tbn0.gstatic.com/images?q=tbn%3AANd9GcTtcK_cWeMhi9A16qbUpcuEoA2VBhKT5Yur1YNQq8UXrw5IOKNg
https://encrypted-tbn0.gstatic.com/images?q=tbn%3AANd9GcSPyANBy6ejbR2iYpzmjOPRAA2294XwTQFKotviBi46YG-8weW0
https://encrypted-tbn0.gstatic.com/images?q=tbn%3AANd9GcQ3KcPKA1g226IulqeGa4FUIY01vjF5MKcKqIWHmfcq4k4c8wy1
https://encrypted-tbn0.gstatic.com/images?q=tbn%3AANd9GcTnEiph0A1JdPXWLigdzg4aACPbY682f2j4h1vC4sx3WRz31tvG
https://encrypted-tbn0.gstatic.com/images?q=tbn%3AANd9GcThz-z9VW92o8bzqj73xwEcG-0vSNW2bgAo5tCjY2A9mz4pR6XW
https://encrypted-tbn0.gstatic.com/images?q=tbn%3AANd9GcRiprJasp2lYbHjhkKZH7BalibxZ2gO8zFzpE058gw1uxv7LH2b
https://encrypted-tbn0.gstatic.com/images?q=tbn%3AANd9GcTC2kseoepyw2fElZjjpfArrUzDAVeawFh6W_RcdvMitA30RW9k
https://encrypted-tbn0.gstatic.com/images?q=tbn%3AANd9GcQm3-xBRZcSabvUwcoSgt2-7TV1iU0I9HR9-zYWjqxLHGJy59in
https://encrypted-tbn0.gstatic.com/images?q=tbn%3AANd9GcR3rTjMPzhQXPQvk-x6xetDkt0T01HfR8-KCAaEgzQecSOEZJO3
https://encrypted-tbn0.gstatic.com/images?q=tbn%3AANd9GcSgeB_tBAQnMP-gSLecUE7_FS0vqs4p_33u4286jVMNe6x2Vk_-
https://encrypted-tbn0.gstatic.com/images?q=tbn%3AANd9GcTMH__7fuBmnTtJtnwAP1UMxokg5-SK5legGGl3BR812w9_oYm6
https://encrypted-tbn0.gstatic.com/images?q=tbn%3AANd9GcRt_E1M0gJUYeYjL1_ekrKOxON-lmxu53XmFib_4SQoWWWyw3x0
https://encrypted-tbn0.gstatic.com/images?q=tbn%3AANd9GcTdDHNpwFbD-RuT0-9aA9h5yMuu0BO14Z9Hcsx3U554ZjVgUTx3
https://encrypted-tbn0.gstatic.com/images?q=tbn%3AANd9GcRT8ebS_jc2SG8Yy-GqI0xBnIxP0Bbr7qIPZid16V3xECS7EtLu
https://encrypted-tbn0.gstatic.com/images?q=tbn%3AANd9GcRlo7WFYWvUx1tFG7s5A_pyRDwwbgH81IW5bZPO9p_bWLAaB-pi
https://encrypted-tbn0.gstatic.com/images?q=tbn%3AANd9GcS0FXvp6MTTZ1x3smv9ln-UFPErItaChT96rYw8ElDXwC8HJen_
https://encrypted-tbn0.gstatic.com/images?q=tbn%3AANd9GcT_XgAP3yH0nSL0zlm7O6ldG4YZECsEMcdpyINrGB85quRqgnnm
https://encrypted-tbn0.gstatic.com/images?q=tbn%3AANd9GcQsGO15Pp9QTl6THC9QAnJfnfxgXGqf7Yn_q-5-MHrJH10wr22N
https://encrypted-tbn0.gstatic.com/images?q=tbn%3AANd9GcQdzdAjaBakXqEjouPIQZQ4m7y0WFb_X6jE1HUe3chFjZNZdB2H
https://encrypted-tbn0.gstatic.com/images?q=tbn%3AANd9GcRu8tjgCSYFL2nECeoeB7LTa9ya2MGp83qvA5kbqppVFdb1OagT
https://encrypted-tbn0.gstatic.com/images?q=tbn%3AANd9GcRN12sTCo-sAvo69HkP9x0caGQfh-Xu7sXcI5TE1M0qDiHwFTA5
https://encrypted-tbn0.gstatic.com/images?q=tbn%3AANd9GcRTv8Zs1TYdG6qZNOXFl0XlNjZy1K3Qz8PEKdmdCixWVjogECGX
https://encrypted-tbn0.gstatic.com/images?q=tbn%3AANd9GcQGeHy9scYoDi6In6qQ4XXJVENUGWYabmpGpZ_daFjdXdWRdf9s
https://encrypted-tbn0.gstatic.com/images?q=tbn%3AANd9GcRdIxuSMS08IZt19qRE9uB5XVxVuRjimeJ81mODApIsMXijSt51
https://encrypted-tbn0.gstatic.com/images?q=tbn%3AANd9GcRsYZ_3XOLliwDe0RXb_zsavj_-4zFZhvcKMdOtTkqdD5KNShoI
https://encrypted-tbn0.gstatic.com/images?q=tbn%3AANd9GcQgFimRGyqGV01gw-ud0kxIZr6X346deAUBvNuQHsN1GB83zS9d
https://encrypted-tbn0.gstatic.com/images?q=tbn%3AANd9GcSmoBS-o-I9MP4st0Gh2KzmhUpW2z8nWP2iV6Vc8y1r3e9BkNxn
https://encrypted-tbn0.gstatic.com/images?q=tbn%3AANd9GcRNjENogrYEbd2_Umze9FB0_P2bxmtTYFYpiXz95NpDhbYFC1pV
https://encrypted-tbn0.gstatic.com/images?q=tbn%3AANd9GcRo2HBrWs3pKWxIUoCJmQtoqxpM15BxH1OgQcsaX1wxhbiRDl6G
https://encrypted-tbn0.gstatic.com/images?q=tbn%3AANd9GcQVF1bHASYyzAIsK88H7dsBLsVa-c9FFFYyQ1B8qfF6XZsCSz9a
https://encrypted-tbn0.gstatic.com/images?q=tbn%3AANd9GcQKVWIig2ZA2pgM8E61VqWOFOifxcAoIR5UFhbIf9zQmylt8J-X
https://encrypted-tbn0.gstatic.com/images?q=tbn%3AANd9GcTRCIEdGf4h8-gEHgLEzbN64_m7Y_Qs1q1bHTpzDMatgVwztTqw
https://encrypted-tbn0.gstatic.com/images?q=tbn%3AANd9GcTqZRMxgr6WzOnXse9QdGAhUHFyEsNd2K3AelHPPvF_8xRGB6Fh
https://encrypted-tbn0.gstatic.com/images?q=tbn%3AANd9GcTSasukSCai6YyaGE4YA9mupB9N3i3Js7UIhkgMKOGvnIY4fU9J
https://encrypted-tbn0.gstatic.com/images?q=tbn%3AANd9GcSgUUXMmQE8DYQcUPTFDcFbR3wObOPK2h8QhNZMMYOZJCVncXlh
https://encrypted-tbn0.gstatic.com/images?q=tbn%3AANd9GcStuc3guvbPt7HiUuLzDEpC6TJ0Zum84sJU8amOpCGfBH01EuKZ
https://encrypted-tbn0.gstatic.com/images?q=tbn%3AANd9GcQk74t18W1BiZfHEHqZyizfiohQyHgGd82e4un8JJz_jPyhYwAG
https://encrypted-tbn0.gstatic.com/images?q=tbn%3AANd9GcQx3V4GnaDoe0zbNfSnDirmXZvh2WQeuyEq-vBpxa5DGVkrIeTL
https://encrypted-tbn0.gstatic.com/images?q=tbn%3AANd9GcSyX8up_PUQ6OcKggsl_h8mclkf9SpglTn-A3PJsIWUrYnhjZw7
https://encrypted-tbn0.gstatic.com/images?q=tbn%3AANd9GcSmQnq5t9BghGG2ummvA1f2iZPcesWWar5Tq-pcivWqqbYjVpl_
https://encrypted-tbn0.gstatic.com/images?q=tbn%3AANd9GcQqB-HWdSRJu5Dehk-HgaVpJpADm25rmgyYC_INp-uX68s5cOww
https://encrypted-tbn0.gstatic.com/images?q=tbn%3AANd9GcTZa6OBe6nbBv8FY9q-29pnVNrfrz2ebYIpC0p5dg2pf6Qd4oi-
https://encrypted-tbn0.gstatic.com/images?q=tbn%3AANd9GcQQZoeSSQfzhfFZQh9VKAOo71rpphgKa0b6uPe8bvgb0bb4cjws
https://encrypted-tbn0.gstatic.com/images?q=tbn%3AANd9GcTAp1IMjm1d2PoL3g_61pSbLv-5e-5JjcfP_l0XUrpsY29Ub9ED
https://encrypted-tbn0.gstatic.com/images?q=tbn%3AANd9GcRDok7yqyVoSnsZB4w03zvaGeqeuZp5cO9ihNRFVqbF3Ium5wAM
https://encrypted-tbn0.gstatic.com/images?q=tbn%3AANd9GcSpiIsjL2tpSVy349_O2oVIPDefKd9YA6NamWq-7u9V7vJO7Djo
https://encrypted-tbn0.gstatic.com/images?q=tbn%3AANd9GcSWA8jcpGu57VNwmlFDr3gRae2vkFZuD1DBKPNBPPRw1XHskvKB
https://encrypted-tbn0.gstatic.com/images?q=tbn%3AANd9GcSx72PJi5EtI5fmHtIvLZ-FSrP9tDO0etStybpRYiIYC2gGrG2I
https://encrypted-tbn0.gstatic.com/images?q=tbn%3AANd9GcTOru1d2907itNIMORQf1qnfwxA7ToYjXA_H-Cz6fFsSzvTCeXF
https://encrypted-tbn0.gstatic.com/images?q=tbn%3AANd9GcQxJescNvWVIW2gOIp3eyQCXBMWAbKqvS9ow6tPqrPnBDtuDjg2
https://encrypted-tbn0.gstatic.com/images?q=tbn%3AANd9GcTFB5_dkyOMptzbl1j0EhgXxlKQp8PPcYCDOKH8QMPp8jnrwRIK
https://encrypted-tbn0.gstatic.com/images?q=tbn%3AANd9GcR9ybtBC8hzhYE8526iGllN_mUkX4nAsAEYb3oc3Y12ntl8SRJc
https://encrypted-tbn0.gstatic.com/images?q=tbn%3AANd9GcRrYe4zujPnRcTNF_ESe4A-hHhnzPGcWGOIhWCVrnzLIPD-8K4q
https://encrypted-tbn0.gstatic.com/images?q=tbn%3AANd9GcSPj5fuGopGh1HiuHVDkkyKlkUzN7duaoWzwa59PyOg2jkBreky
https://encrypted-tbn0.gstatic.com/images?q=tbn%3AANd9GcTHpq8AUhmYZAFWKPGKNGP7I-r1XIZ2FtK7dzsPm-0ttDpeX57_
https://encrypted-tbn0.gstatic.com/images?q=tbn%3AANd9GcTaIndU2FyIuzBptUPUMe2hyEIq_JeGrMDLwqKBQj8ChIj0kjjW
https://encrypted-tbn0.gstatic.com/images?q=tbn%3AANd9GcTaQxaAqWxVWkCiQWt6-VhxDIswaMI8H2kKG1fN_N40p34c_tAq
https://encrypted-tbn0.gstatic.com/images?q=tbn%3AANd9GcT-_nzDXJrYyJS4W0Gbh70G2Ehqus7OUz-BQ2RA8-1CL-Jsr0ZZ
https://encrypted-tbn0.gstatic.com/images?q=tbn%3AANd9GcQmmy0JqhoeL0od-XFiZZs4Xb9Gg_nFpUZuO9sHvQfjAGqvFy0a
https://encrypted-tbn0.gstatic.com/images?q=tbn%3AANd9GcRUsDVQ8TQe-LjuZtd0zLiM2c8YUrTAdxl_qrCDJGmkgK-oJ1c5
https://encrypted-tbn0.gstatic.com/images?q=tbn%3AANd9GcSDhhO8TJxfBqV0PUfiepUvlGxROCKJWfeRQPDoiscneDeYtVXI
https://encrypted-tbn0.gstatic.com/images?q=tbn%3AANd9GcRwzX3k92qA__YpaYXDT4c7pm3Fx6P679a0MiOC8T4XADmXjMvz
https://encrypted-tbn0.gstatic.com/images?q=tbn%3AANd9GcQGgz8Z6CaH1NMTme_mq3WkwDfJqFUmz6eeewESXw8NP_ruAcT9
https://encrypted-tbn0.gstatic.com/images?q=tbn%3AANd9GcRyrOxzRERd_p5uQ6pbAiOET3wfr5nRrV3T7USillcHgeB6cLXq
https://encrypted-tbn0.gstatic.com/images?q=tbn%3AANd9GcSY3Nb2EIfBVOqUCzVm_knZCX5K3Zxl69J4YXKc9a9kqyje3WUt
https://encrypted-tbn0.gstatic.com/images?q=tbn%3AANd9GcTCPY73NhSSgu676gt01u5Hk3Z6oBjnX0DNHmJJy6xa44DNtC30
https://encrypted-tbn0.gstatic.com/images?q=tbn%3AANd9GcQUORssHNRBYJSZhB1i54UTqRmn7zx5_hqPC5-MBvd-Je-J-Mia




















https://encrypted-tbn0.gstatic.com/images?q=tbn%3AANd9GcQHabr42eyMDRqJYf4_Jl5m2ezeIxS7coUOq0nKdb0w8BGQ2bf4
https://encrypted-tbn0.gstatic.com/images?q=tbn%3AANd9GcT3mcHzkwwfMDX16V2HNOwfOnUwaj0VNd80VpsRyNchZP39lOT9
https://encrypted-tbn0.gstatic.com/images?q=tbn%3AANd9GcQenlYFVdCS1mgIuPieTclEWKD-eTMAyJdO2VlvatP7bO7f-SL1
https://encrypted-tbn0.gstatic.com/images?q=tbn%3AANd9GcSy8aoETS_xqUlIoO7E94OKE3dFVdbWot47gRvjkEBdB4M6E9Sf
https://encrypted-tbn0.gstatic.com/images?q=tbn%3AANd9GcSMi7qDo1TwhPHKYBzWbe4lD9Jyd_1D188mCwKKJmSFHgzIQHwE
https://encrypted-tbn0.gstatic.com/images?q=tbn%3AANd9GcS6CU_aka-IEHgvrmfhE21y2F3l6s5-J0919WTZ2Dx6Zxg2DvIs
https://encrypted-tbn0.gstatic.com/images?q=tbn%3AANd9GcT0dL6x8qqPKonvQ1ixsAQvsXI3Q2wJeRYbnw_NCnyTgseLoiSN
https://encrypted-tbn0.gstatic.com/images?q=tbn%3AANd9GcR3LCrNOXBNIPYSdR7XVK7Kimb1GV3ttJGl7ASUFc7dXxekwacD
https://encrypted-tbn0.gstatic.com/images?q=tbn%3AANd9GcRDMJW10wZDoW81VcKZo4yx8DcljjEp3-8-PykQHES6bLLmFc1q
https://encrypted-tbn0.gstatic.com/images?q=tbn%3AANd9GcTVpONVmdzW2THlV5tdYA8TC1XHP5D3h71uQh7bB_3JAtgrFKTw
https://encrypted-tbn0.gstatic.com/images?q=tbn%3AANd9GcQJxxig87pZTCF6Bt8-T8otD9K1Hmld4NjrhO_FuySRPdUU_9BQ
https://encrypted-tbn0.gstatic.com/images?q=tbn%3AANd9GcR89BW4fRNqlUiMZxJy5WZX3gCBnOs6mKuInOC_0vtksKn9Ac1Y
https://encrypted-tbn0.gstatic.com/images?q=tbn%3AANd9GcTu_lo9PrMjjVSOdX3JSD5f4CYiqfDFBQk-DXAySMfaIvGVnGh-
https://encrypted-tbn0.gstatic.com/images?q=tbn%3AANd9GcS_SC9kOqCJwdIJLjgnrmE5iNbiDCFsajG5QrEB6_QLneEJwa15
https://encrypted-tbn0.gstatic.com/images?q=tbn%3AANd9GcRYyTZkKUqm1HgF1L-Sp1Q4OicjkikJ8xdTULXPTH7oU8bmgZmG
https://encrypted-tbn0.gstatic.com/images?q=tbn%3AANd9GcQO0RuPvK2ge0jpBUz65ODWMoEeNeJesrUTG9_brjQJdp4JjO1N
https://encrypted-tbn0.gstatic.com/images?q=tbn%3AANd9GcR16OMrNv6bKL_ZDJyZQWNnnOsxxViFgeCSc73Qm3r3QmpBVEkU
https://encrypted-tbn0.gstatic.com/images?q=tbn%3AANd9GcT_CF2RtZTcDWwS-E_p_xIDHvdlnGc51xmfSnUY51V1QyBRKOH2
https://encrypted-tbn0.gstatic.com/images?q=tbn%3AANd9GcQEnx0z52Y3E-fw0U-6Wh3FdS5DJHr194CAnu8DLmLR0oNkaQYF
https://encrypted-tbn0.gstatic.com/images?q=tbn%3AANd9GcRuO-RdITuU-MN0-LaALZH6AMAJKQsKpNPTTtg9TcRpdAlrDH_U
https://encrypted-tbn0.gstatic.com/images?q=tbn%3AANd9GcRqKG76Bxvx4IVasUbt6xofwCCAtCE5GdXI39oSgqk_WLS2nkzV
https://encrypted-tbn0.gstatic.com/images?q=tbn%3AANd9GcTGcu7CXsGDlriUQ2f-VJKntMZNgb0iph7vnzz7nvEmbszftEbl
https://encrypted-tbn0.gstatic.com/images?q=tbn%3AANd9GcRVufDp4etmWcIokptiCbYDPxixkbFJ431izRFKaANYwMDYk_xf
https://encrypted-tbn0.gstatic.com/images?q=tbn%3AANd9GcQL8IbKPTvJy3lizbkuPTU5LmM-oP9Mao0xJXQ2NCidWM_zLrFr
https://encrypted-tbn0.gstatic.com/images?q=tbn%3AANd9GcSE2CwvjjsuTljuPXzoR1TqY8KgPOhavRqsngOf1M7fEcPqLn3i
https://encrypted-tbn0.gstatic.com/images?q=tbn%3AANd9GcQgBzUTya5YlfG7QFxOBy5NjqdTGQZWXH7tRMfFtoyLz-TdPmA8
https://encrypted-tbn0.gstatic.com/images?q=tbn%3AANd9GcSfq5M43ZuUxcBNUPtGev8l4RwgEZzkkfncsxGil2xc29HL3v0o
https://encrypted-tbn0.gstatic.com/images?q=tbn%3AANd9GcSvxwLSbqJ2fwLPAVWKBPu5O4_a9ahJhxB2q5cREHEqRuapAryu
https://encrypted-tbn0.gstatic.com/images?q=tbn%3AANd9GcTwAsZj69NaeuNaikUjBBtJ656cm8YD2kifqNPZM7ubQ8P2SoB0
https://encrypted-tbn0.gstatic.com/images?q=tbn%3AANd9GcTwy1mh2_SyCywhGkQXJbKEIqw1igVIDM5zOJennkGOdOujxMZb
https://encrypted-tbn0.gstatic.com/images?q=tbn%3AANd9GcRL7up0dnltaQtRVBrAXwFt9FJT6TdbBQ2CvaRLzojWBDTQKUhH
https://encrypted-tbn0.gstatic.com/images?q=tbn%3AANd9GcS5wIv1NFIo753xS_I8FY2IOFA6xnbl7MIz0j_olW3OpF0x4ls_
https://encrypted-tbn0.gstatic.com/images?q=tbn%3AANd9GcTGKcSMj1G14mZl5g38kQIFp4fNVJ4ISxmw14YknGFvHMJv69P9
https://encrypted-tbn0.gstatic.com/images?q=tbn%3AANd9GcTNJ4utTmYHNGxFBA_IbdXo-O4HxwoyOVeGvqiU__8tKSgVZtE9
https://encrypted-tbn0.gstatic.com/images?q=tbn%3AANd9GcTxqE0QKdxicOu4eWETEZzF2qcozxnqJ7xYC3ztMdfy2ov7R0wT
https://encrypted-tbn0.gstatic.com/images?q=tbn%3AANd9GcS6jbuthAi9eK7wzp-7LOjY8cAhSt46Sng96nZHrgwIKqTC27-z
https://encrypted-tbn0.gstatic.com/images?q=tbn%3AANd9GcTApylX7Pam1w6kpIf6ljh3RG0sMc6NkW4PutqN7S4IiDA967Xp
https://encrypted-tbn0.gstatic.com/images?q=tbn%3AANd9GcQkBydw4sRFlTJDIq4tP-MS3qbTITRJYz_QPAo5-EMSzo5PTBtV
https://encrypted-tbn0.gstatic.com/images?q=tbn%3AANd9GcSb3u1eOJM-0AO3WvVUksgq5oOJe7ftnt5H2L-fsctt7W1elWK0
https://encrypted-tbn0.gstatic.com/images?q=tbn%3AANd9GcSLYXqF4-dYM3VStrytD_daEbd7pW9axjZ2-bkfGc5wudpZSNDm
https://encrypted-tbn0.gstatic.com/images?q=tbn%3AANd9GcQEdDpKK8tA8Z9jB1tyqXx38X7weniQli9J9sJ9oQbixrUS3O5c
https://encrypted-tbn0.gstatic.com/images?q=tbn%3AANd9GcTDqxCdRP83L6M2UeO7bgx8xXz90GlcWv9P4aoIkP_FZ_hkJ70o
https://encrypted-tbn0.gstatic.com/images?q=tbn%3AANd9GcQydPP4O4pc5OmR11_4kw-Xi5f1FfA22V-Af4MRgDuJNQoObG_l
https://encrypted-tbn0.gstatic.com/images?q=tbn%3AANd9GcTTDLy5gWMlYYDg898IJv5ttYqay0iabjLGMm83ZB1goGaRgTPq
https://encrypted-tbn0.gstatic.com/images?q=tbn%3AANd9GcSM86YT2G5fripurozokXYYetE8f8v77EvsFjMJrpfmfB3aP9LW
https://encrypted-tbn0.gstatic.com/images?q=tbn%3AANd9GcReWfJHGvGJf6erLduieya81fHdWOSN4VBvVB3bibx6Wqs5CGL_
https://encrypted-tbn0.gstatic.com/images?q=tbn%3AANd9GcRUaQ-6KC0UX-CCEvJFiDCchFIslIJufSH24JaFf9UW3zBKmPNw
https://encrypted-tbn0.gstatic.com/images?q=tbn%3AANd9GcSoZgbkbme2esGgoPON2qDjBteJfaR_V3pa1iBsSf9DWiVYWs9n
https://encrypted-tbn0.gstatic.com/images?q=tbn%3AANd9GcRoXeylTSz_Q_PJBr07ukP6nZgDe4d_YCvQqr4TruuwIRmCnp5r
https://encrypted-tbn0.gstatic.com/images?q=tbn%3AANd9GcTLGsDgF9zKcofn_0kCb8OPD_oNsDfEZpZWJOZ53bky3DiRaXF8
https://encrypted-tbn0.gstatic.com/images?q=tbn%3AANd9GcSncgu6kXnlVoaXmUAW_gccrEhwy3SZkzKSdkwmjH3TgzuVC_Sy
https://encrypted-tbn0.gstatic.com/images?q=tbn%3AANd9GcQIdt09DwOZhBpX2pRCKxrqsiufnZHZ1FpN6tBjM97HJmL9Yd1M
https://encrypted-tbn0.gstatic.com/images?q=tbn%3AANd9GcS-fNwMN5MT1hU8Ulioc1XA2jZcpJPDU1typ_WuWzLh6MVqAMR5
https://encrypted-tbn0.gstatic.com/images?q=tbn%3AANd9GcQ_Ik5KljDKwA7cYL1ZlgJOAGjrAHCpEAadNt5yRwEscg_nMEh1
https://encrypted-tbn0.gstatic.com/images?q=tbn%3AANd9GcTWLq5LAHNcPNnhX0WTXDhhhGNhlP_xzTHOf6-EfMtVDhq0guES
https://encrypted-tbn0.gstatic.com/images?q=tbn%3AANd9GcTxhnuJcLEi4zIJg-OLKld00H4BbhNKIC2UVlrNCwZWDf_y7RAF
https://encrypted-tbn0.gstatic.com/images?q=tbn%3AANd9GcTdEGkG7LJGqoILFHmA3gzXWEdmrMNg3kCJEHe8m4sxVRg_rHYe
https://encrypted-tbn0.gstatic.com/images?q=tbn%3AANd9GcSet-_7CqEyUzqTqbulqXX5kchsSm2yIcwFOY8LOFel8_i0NO9_
https://encrypted-tbn0.gstatic.com/images?q=tbn%3AANd9GcRk-qS9ax0H39AbFDOiBDpXh3o2DNPxk0cwwrBzoNUSTI90xQRW
https://encrypted-tbn0.gstatic.com/images?q=tbn%3AANd9GcQT5EtRcEca2sUfevgu_ayd_gpzLaX1IxNh9ZVs3Hv4-ZKZrAlL
https://encrypted-tbn0.gstatic.com/images?q=tbn%3AANd9GcTizT5AnD2G-Vdu8Ole3nSn9ysASlgaWh8dk6Xz_0ZoBVbi1LMW
https://encrypted-tbn0.gstatic.com/images?q=tbn%3AANd9GcQm03sJeEZlaz0x3-rCPZ_kaQVofWTArNnE1ivxZ-V58UTI2zif
https://encrypted-tbn0.gstatic.com/images?q=tbn%3AANd9GcQpShys6sHuY83ekOlBbMMHd-ChywPMAw7a28U88X079qXjkvaW
https://encrypted-tbn0.gstatic.com/images?q=tbn%3AANd9GcQGhhWj6slAz6orY7v11u-xdV0hT4l9p-Pb1bN3oJsiRDsqJ-e-
https://encrypted-tbn0.gstatic.com/images?q=tbn%3AANd9GcTTQvjfYw8mz-xwwlWiV3z4gmjQMHP7IpG5DBYc9fE3Si0mXiD_
https://encrypted-tbn0.gstatic.com/images?q=tbn%3AANd9GcRT1rTz-fujGeJN2h8YBO-MpJrbMOaRZDqS3Y-Kf3L5HLTCsRmc
https://encrypted-tbn0.gstatic.com/images?q=tbn%3AANd9GcS04jXsGyIqVLfWvDtj1al_ksHWsbWB1nfRq4OWwYNtbShbnGeT
https://encrypted-tbn0.gstatic.com/images?q=tbn%3AANd9GcTQg-TVHZXkXhP8fHz66s12N_03PNJGT_oj3TXBsb4BBf_aPpsG
https://encrypted-tbn0.gstatic.com/images?q=tbn%3AANd9GcQNbVtvWfdz_PkJINPzZVFECGulej4TYb5Fu0vreFXmWkJr6eze
https://encrypted-tbn0.gstatic.com/images?q=tbn%3AANd9GcQ1ajWU9fJhg7AGAIAmQal27fC7pv-mpyZoxKtYDfj4VRn7lpAc
https://encrypted-tbn0.gstatic.com/images?q=tbn%3AANd9GcRETueLQC04aBpXaqn7J71vHrJ7bw91yCuyEIR__e9I7gHEtzG-
https://encrypted-tbn0.gstatic.com/images?q=tbn%3AANd9GcRiA4B6piRauvIZz3RNC8-Z3KYc-6VE5CG32Ix93HKYPKwZXPLY
https://encrypted-tbn0.gstatic.com/images?q=tbn%3AANd9GcTT5sXqazOLYT0SONaEdphJw7Id_ZKjgnVkrtiM7RQvz_eax5Z7
https://encrypted-tbn0.gstatic.com/images?q=tbn%3AANd9GcQWv7Nk88-WJ42U5pl7LivvyAl7IwHvX--QdTtuq6n7saksvWCW
https://encrypted-tbn0.gstatic.com/images?q=tbn%3AANd9GcTsOdQmvs0KNQEGRnxHWR4kM_uf5XvpfGewg34X2ufNM-cr3P-O
https://encrypted-tbn0.gstatic.com/images?q=tbn%3AANd9GcSEVdZsoy7ILgwY-4TezErYN91h7K16aV4BHfET7ujMNuF9C1TT
https://encrypted-tbn0.gstatic.com/images?q=tbn%3AANd9GcTLibVBkd-E1h8qHY371LT9bAF3GzbmGRsplxmrdW_tfkTAyGYs
https://encrypted-tbn0.gstatic.com/images?q=tbn%3AANd9GcTGNdIZtvwZLtVhh1HpAAgpuMT3TqWNwgzKmzTyZSCGldXVM6MP
https://encrypted-tbn0.gstatic.com/images?q=tbn%3AANd9GcRCcdJzE1tYQWaDAJFjqr8ct7TevzU-Z_E4l5X5mA8KfVd8XWb3
https://encrypted-tbn0.gstatic.com/images?q=tbn%3AANd9GcRvTnmkMUKdFO4NgftWLa4_IZV6P5Ik8VorehZR0tnVc2QwwFMw




















https://encrypted-tbn0.gstatic.com/images?q=tbn%3AANd9GcT15flNZkg_W4B7MffBw2kIwd76K9zDMJotEAhtQzKVM5JPHsrH
https://encrypted-tbn0.gstatic.com/images?q=tbn%3AANd9GcQR-Ga1gBPeEbP-6vPDhpQ0MVg15NZENGMwOzXC5Kg7xGPwCJo7
https://encrypted-tbn0.gstatic.com/images?q=tbn%3AANd9GcR-3o_XqsZL8nwLyNYRY5yANX7fJe6DyKwtpn118yObFAgyx-AF
https://encrypted-tbn0.gstatic.com/images?q=tbn%3AANd9GcS0l0-M2-xs3DB1UlgM6V-TSqgr7CDTinvALDcX8N6_i-FkkCu_
https://encrypted-tbn0.gstatic.com/images?q=tbn%3AANd9GcRJSc-F6OC_Q8BD8gNNKnXydOzPW8xhnht9A3osFpiMz5alzKZ_
https://encrypted-tbn0.gstatic.com/images?q=tbn%3AANd9GcTp-DFOUp-WafqVpsXwBkubQ8_n_OPpNxzM30sjbz-4NdcCL8Os
https://encrypted-tbn0.gstatic.com/images?q=tbn%3AANd9GcScr1xdc0mlu7_u1fiwGn1kItfjJp0VRjN-b4XqM33MZSyF3wUO
https://encrypted-tbn0.gstatic.com/images?q=tbn%3AANd9GcSso7KhUIemW7eEGicdwDMojad9_QDTXCIz8UdGwtP2HrzGCNim
https://encrypted-tbn0.gstatic.com/images?q=tbn%3AANd9GcSnIYqN-bTASUBuqlfNz5Dj3XOwzedE7vBnQH5u4qW4ApeRezVk
https://encrypted-tbn0.gstatic.com/images?q=tbn%3AANd9GcQMxbUYsU6vdvZPm4MGR4ET3rB_q1A9jXdjIIK9AuzGFrrTpaeR
https://encrypted-tbn0.gstatic.com/images?q=tbn%3AANd9GcQ2qBnEBV2QE2z6B7HYhqbJjjHFGZHNze1rwaMtSK-H2CJhYjMI
https://encrypted-tbn0.gstatic.com/images?q=tbn%3AANd9GcQWj8vKV31dSGQklJrowC_fzYPhat5mzsaLmrrwPdpmLveeM77A
https://encrypted-tbn0.gstatic.com/images?q=tbn%3AANd9GcSxE2m-rmahFFU8iW5r1HjTMBU1KYf2NAeNpVyFEAsGB-K5Vx-l
https://encrypted-tbn0.gstatic.com/images?q=tbn%3AANd9GcSdrLncZpxj7f4eeYaKYJUFixtIrWBSH-g0uRN-iJEbqGMPfzHz
https://encrypted-tbn0.gstatic.com/images?q=tbn%3AANd9GcR03Nvit_w-gfXnJyhNQNIMG08Zc5d29jrbdDMa1C2MkFvnAdup
https://encrypted-tbn0.gstatic.com/images?q=tbn%3AANd9GcQD1KzEWHvsv3lTfHNYKpRqYdAJnGZghTQ7xMkxpKzqIq0RfVCZ
https://encrypted-tbn0.gstatic.com/images?q=tbn%3AANd9GcRMQHqX3uYKWZC6my4qx_PXkKjiuf5gavxJ2KnCcIjyVIrrS-pM
https://encrypted-tbn0.gstatic.com/images?q=tbn%3AANd9GcTSZSQG0xKojxzTqw3tNh58qe8VKQEUXIsxnf43DW8cnaSZ9-2a
https://encrypted-tbn0.gstatic.com/images?q=tbn%3AANd9GcSKrHpOWFJ5HFTANN49a9e5jiMHS0gbrQL1gGkenKFIRu71HuYk
https://encrypted-tbn0.gstatic.com/images?q=tbn%3AANd9GcQIabGC6FxaD81ysQcvHx4PfZ2N2o01lVMnVUp0YcdfmzvOW2o7
https://encrypted-tbn0.gstatic.com/images?q=tbn%3AANd9GcT4BhyxTYmVUirAiiY49LYz9ndmojQqSwk_H99fnyyJ-3KrQ1NY
https://encrypted-tbn0.gstatic.com/images?q=tbn%3AANd9GcSyCczbcurTvMt8M3cKrjc1Xihgsz5kyoZmG12-tDupyKCh2XdT
https://encrypted-tbn0.gstatic.com/images?q=tbn%3AANd9GcS3b9NT7cM5EgRMhCFOQ3zKU4tI0_BzdeZapcbE8TzJOH0HRfyW
https://encrypted-tbn0.gstatic.com/images?q=tbn%3AANd9GcSB1O9y2KxmDFOgwryNSkKUNCHujya3wJTtyaUzezBQeiVfq57L
https://encrypted-tbn0.gstatic.com/images?q=tbn%3AANd9GcQG7319pkYwYNuDPoai3qKnimVydWSvdNeixJbSG78Z6sNHwQyt
https://encrypted-tbn0.gstatic.com/images?q=tbn%3AANd9GcQuENI74RLibyfOWYYItLh9x1ACfU_yfJDlw9uwxggFtKPV8_x5
https://encrypted-tbn0.gstatic.com/images?q=tbn%3AANd9GcRYtrBnAtNkaOp1ndt628DP5Vt6hxaIImOzV82dovgJgOPLsnR7
https://encrypted-tbn0.gstatic.com/images?q=tbn%3AANd9GcQK2by_WwSTFCkLeb8065VuWF2wO1SlDH8ouigjuM883kCmZxUq
https://encrypted-tbn0.gstatic.com/images?q=tbn%3AANd9GcTPliqU6-pV-IAd3yF7gCrNSOqUxexPeFfIX_UH5tr42IExLdBz
https://encrypted-tbn0.gstatic.com/images?q=tbn%3AANd9GcQWDk2MQiVcC6pI3dIlzbyffyigu5_aPrYnUxQDpR4nDSzoILGF
https://encrypted-tbn0.gstatic.com/images?q=tbn%3AANd9GcSVlu50sXrEiyVzPe4mFCt9fWaB7nzHMfXemiPrZOt0dg-YT-pn
https://encrypted-tbn0.gstatic.com/images?q=tbn%3AANd9GcQbb5VbzlXb3k05ZBhahFWyp6m2kWbRnFeHmoqNnbt_jPXONYFb
https://encrypted-tbn0.gstatic.com/images?q=tbn%3AANd9GcRw9xXSesK-wrO-QHt0fnnAaWuop-Z2bEaLZj3Svs2IQ6EM1kC9
https://encrypted-tbn0.gstatic.com/images?q=tbn%3AANd9GcS4RIULMralfhrq2mTHHpstxjk8-460hjHc8NCwbaghzLMdvru1
https://encrypted-tbn0.gstatic.com/images?q=tbn%3AANd9GcQrfYJroX4dGyUBrZ5jbzkvwt_dxl30zAg763YRiUq5Tasn-vDe
https://encrypted-tbn0.gstatic.com/images?q=tbn%3AANd9GcRcJmAqAWh9ajSnaQrFXL0f8bNhkxbAhjWS2ajRf6b-tKtuRHYK
https://encrypted-tbn0.gstatic.com/images?q=tbn%3AANd9GcQHUMdPfdOICW2G_7ka1HTtr2Bf2GfS-IFCef1Vo_LX7rArlnR_
https://encrypted-tbn0.gstatic.com/images?q=tbn%3AANd9GcRAinZJYKc4T0Yuj2v5WNEOnvhwvGYKv4b14apL2RhiPboNh2Ue
https://encrypted-tbn0.gstatic.com/images?q=tbn%3AANd9GcSmWZpNvT7bnJhNbbcusBxyLCMyDJzc6JqNCAwDPMKTnxEk3baR
https://encrypted-tbn0.gstatic.com/images?q=tbn%3AANd9GcQt_8vR6F4fxuI7wzlvnyjotnV6-GhAvBeTL98Hu6xX58AbHUAS
https://encrypted-tbn0.gstatic.com/images?q=tbn%3AANd9GcTT6Qu_lw-P_Fn6gsZIUJeO3p76kW0UNs73IMPpYtYyd1Zdkswk
https://encrypted-tbn0.gstatic.com/images?q=tbn%3AANd9GcT0LuzZjfsiMktdPCHpk_kqEempja86a1EQzRKntnhAgMpfOkSz
https://encrypted-tbn0.gstatic.com/images?q=tbn%3AANd9GcSESBAXagTxEnCigUgkd2Zgqd2SzD_O4Y9Lv9mKDH5TlTMtOglv
https://encrypted-tbn0.gstatic.com/images?q=tbn%3AANd9GcStp6KJZ495VoBGpJeeQRjOIMgzkMe8UDfGoarygJkN6ljhWRPY
https://encrypted-tbn0.gstatic.com/images?q=tbn%3AANd9GcTri0_e6g6CmXOk6B3A8PQ8jmhScLNYM5bN17AJHGZRYF7dnGPH
https://encrypted-tbn0.gstatic.com/images?q=tbn%3AANd9GcT69kmMtb3FddZI7JQWGM9BIK-YVeXsf52tVAZrHxvNgcwpsQwo
https://encrypted-tbn0.gstatic.com/images?q=tbn%3AANd9GcRWDADVK9HvF16OVjo381p_VzoDv2GHf_0EbMPljTv4BRgmkCMZ
https://encrypted-tbn0.gstatic.com/images?q=tbn%3AANd9GcR-wTP1UC40-ul0x1DCpFxRtnZgMIp5n8qa-6RbhlVl4kzjZQXl
https://encrypted-tbn0.gstatic.com/images?q=tbn%3AANd9GcQRTlhoMUZ3P_KPKsTt9u6835L97u5qxPo9zfYE8r7XTZOZmDru
https://encrypted-tbn0.gstatic.com/images?q=tbn%3AANd9GcRhd8u0mOxD06L5YkEvkNpem-pmFtaQjHSRaBWuBsRVhoF-yOkU
https://encrypted-tbn0.gstatic.com/images?q=tbn%3AANd9GcQ8ebnvSVAxXyZkho83X-L7tboVzES17-U7GyQdzlymDA0QfM1g
https://encrypted-tbn0.gstatic.com/images?q=tbn%3AANd9GcRda4CIlyfcZO1yuwZfM6r71nsTl9GOVTLMAb-CnRVpEblnzcHi
https://encrypted-tbn0.gstatic.com/images?q=tbn%3AANd9GcR-p0ME4gW5y_NDuaf_eTIti8iEj-G2Fui3Qsi87aJY4imAuM9i
https://encrypted-tbn0.gstatic.com/images?q=tbn%3AANd9GcTN3vmKFQlcQGV170ohsuM5bsAQ0ZXM9KX4onMQmBalBUUiNcXd
https://encrypted-tbn0.gstatic.com/images?q=tbn%3AANd9GcQrASfPR4cxy0FBqkGESeZuS8xDL8mVzisW5BpVLn4KxvFbJovp
https://encrypted-tbn0.gstatic.com/images?q=tbn%3AANd9GcRhjzQnhDU_piFwY3BXubJ2JvYgIcyosx1XD2wWPWedaP7phidh
https://encrypted-tbn0.gstatic.com/images?q=tbn%3AANd9GcS4I8CLoiAUvaBp7rDvevp5YJm1IpvQorBLIdq2sZOdJbV5hge6
https://encrypted-tbn0.gstatic.com/images?q=tbn%3AANd9GcS_y4G2hjktcZ0eAUqguL410pbVJKyY6uv4m_IMv8HQn_ezNjQ3
https://encrypted-tbn0.gstatic.com/images?q=tbn%3AANd9GcTuhmJxWxw_vd-mMlqIzYslTX4YgIhTodxKBBZ2EjZEQyM2GTL1
https://encrypted-tbn0.gstatic.com/images?q=tbn%3AANd9GcRWj-bj_1Co3294AfUaq8JZIn_cndBMS5dYEeMXUovvuJmRYgy7
https://encrypted-tbn0.gstatic.com/images?q=tbn%3AANd9GcSlx9cTprh8KkvJQkNtXqkueJGRqW_YJ8x4wJJqwpRa80AFSfgt
https://encrypted-tbn0.gstatic.com/images?q=tbn%3AANd9GcST89-xLxTp8UpdFn-xrtvsfvMeBX8iT-viKznN4qkonquvrt-b
https://encrypted-tbn0.gstatic.com/images?q=tbn%3AANd9GcQbeQTawdZuqZ6POO-KhG8IML7wdN5nILSS0MxMwMKMVTEXgAP_
https://encrypted-tbn0.gstatic.com/images?q=tbn%3AANd9GcQY_m7ZhMAxNaRLvb3lzncLzp6Jq3E4dCXiFX1sNe8qK3VB5inp
https://encrypted-tbn0.gstatic.com/images?q=tbn%3AANd9GcQafKyiiSBjG5Gp9_M3bkJww-Ym9kjIoplcUA6X9Yl0hUXW5aRn
https://encrypted-tbn0.gstatic.com/images?q=tbn%3AANd9GcRgheMADPlSBBcdNht998LPX32BRhqj5ADOPJYKMNdc9yBoqqEG
https://encrypted-tbn0.gstatic.com/images?q=tbn%3AANd9GcQKzd1jEYG5RRY6mDRQzJolzdcPf-OPBpuLIeeuYlS8GLQOE2nT
https://encrypted-tbn0.gstatic.com/images?q=tbn%3AANd9GcSWIV9CxG2JtuOEYaXcn6SFTUVmYVdW_E3HICy9woiGWaVYJPfh
https://encrypted-tbn0.gstatic.com/images?q=tbn%3AANd9GcS63HAkTuUeoSATOJXvZ0T1lyVrM8tGUJ49I8tROsuq-Dn8fL7n
https://encrypted-tbn0.gstatic.com/images?q=tbn%3AANd9GcRmW_5b4iFCy6247VT5GRZ1CzWijibxZLXJjbb6QXMbZdidgDia
https://encrypted-tbn0.gstatic.com/images?q=tbn%3AANd9GcQaqPeFfHf0at2NnHCz7SWi1RTEvIyfhqM_s9Jgla7MdQkjrl1Y
https://encrypted-tbn0.gstatic.com/images?q=tbn%3AANd9GcRRjC1sNJMSTPlnL7mGrb7NHBE37SXiBiR7_AX6p3XV34Z3SGfA
https://encrypted-tbn0.gstatic.com/images?q=tbn%3AANd9GcQXPTQjgRy0lDNq85u0dlsGvErWkLtRq0XHeprG4z_5RwyFkFsQ
https://encrypted-tbn0.gstatic.com/images?q=tbn%3AANd9GcRYsBrPhPNAAm5ncEe4UlsOba436a8Kw9K9OZTi83525tC9ILtU
https://encrypted-tbn0.gstatic.com/images?q=tbn%3AANd9GcTCfQXKANamST43gt1dwN4eK_WaTJrc-5MIGm1MpZ4uQGY4zf-7
https://encrypted-tbn0.gstatic.com/images?q=tbn%3AANd9GcTb8TasNiry8VuT5Cz2Zb9e7MwP85h7C7h4iV9MqVnxk3OGahhQ
https://encrypted-tbn0.gstatic.com/images?q=tbn%3AANd9GcQegN0-7MDzKSZdSLCeF8dNXfJCwFf3uiSg-_yvbgnS2YMF9AJJ
https://encrypted-tbn0.gstatic.com/images?q=tbn%3AANd9GcRRoFx4qIVJVQHR5dL1Q_cR3uNYVhzLgfqp0OPylP7-uduRhefE
https://encrypted-tbn0.gstatic.com/images?q=tbn%3AANd9GcQBee-Gs5eIllJjHzI_Bb73ar3aUT6xPZ-3SXtVuVx2fIpCQClg
https://encrypted-tbn0.gstatic.com/images?q=tbn%3AANd9GcSM4iERz_2I3vHG3aBA_ngGLiyvhaVyhAnsoaDtJIoCRnqcpf50




















https://encrypted-tbn0.gstatic.com/images?q=tbn%3AANd9GcQbpcyy4F9Yfx6OT5XOalEJwIQGERdE2iEcp-gloOz43bzSByFB
https://encrypted-tbn0.gstatic.com/images?q=tbn%3AANd9GcS-XAgrK0QFXHjrPA_eRUUyC_y_yHA30lvtksuz8nZle_GmqryU
https://encrypted-tbn0.gstatic.com/images?q=tbn%3AANd9GcQ1V1nDZB4NWRh7IbVXbF6wfUectVFU9aS1nvkF2ZBN35bkGbD_
https://encrypted-tbn0.gstatic.com/images?q=tbn%3AANd9GcSJujt-foftmIn-sd0_lT3dvXKphCp1kSdmgRYiJn22nTxkV0EH
https://encrypted-tbn0.gstatic.com/images?q=tbn%3AANd9GcQCWDViPLNhVdKBeC1Vd2Qm56qXmSxTefV66CulB7_NZv3lyRPr
https://encrypted-tbn0.gstatic.com/images?q=tbn%3AANd9GcRJFBg9nq3BiG8RYnE82ywDL8jsZqNfO2fzVIfAty3qNPYh-9rn
https://encrypted-tbn0.gstatic.com/images?q=tbn%3AANd9GcSOkfIFjavOlZH-J-hpTK-04z9wLnmj26oz8x6Ho0TgSdedNk_u
https://encrypted-tbn0.gstatic.com/images?q=tbn%3AANd9GcTK353nuy6Wa1TyiwdXibjt4WAIKaXHJCavtmJZ8MYhnZLBFBg2
https://encrypted-tbn0.gstatic.com/images?q=tbn%3AANd9GcTTHa_oHtUBfTyCHEOn5mQg6PZTuzxcvfs80zV973HHyI2tli3K
https://encrypted-tbn0.gstatic.com/images?q=tbn%3AANd9GcQSQvRrS1TbE4ORpF2EhFXQuTFUWnLJqE5YLmUwUPBXf4mkkBno
https://encrypted-tbn0.gstatic.com/images?q=tbn%3AANd9GcSSskGAIrMkTKza9q2kG_M7JDP9WHcFD6XyDLVtJ1X5-JkG65u3
https://encrypted-tbn0.gstatic.com/images?q=tbn%3AANd9GcQFPrdQ-aRlj4P09lmPYidqshdHttJ948eq3AYn-mkdsFLqr9Vd
https://encrypted-tbn0.gstatic.com/images?q=tbn%3AANd9GcRxXFmqq10x54ZO0DaJ6ic_iYrZPcgWPAxtjicfOIBEDcn_Td3N
https://encrypted-tbn0.gstatic.com/images?q=tbn%3AANd9GcTToAWXlSQx_b3a7PBoiE_nS0SotJHunvATsg4b3hUDdPoxRQxb
https://encrypted-tbn0.gstatic.com/images?q=tbn%3AANd9GcSdQI2XvvMUgp1OTLq3pbouFMCfN1PI7XDiB5CI2ekba_WKVYVh
https://encrypted-tbn0.gstatic.com/images?q=tbn%3AANd9GcS5NBdr8hH5V62bVg5QPDuEecDxjSE2J6nof0Y8Z_tdBQLfpz34
https://encrypted-tbn0.gstatic.com/images?q=tbn%3AANd9GcRJdPJtCN25dmnR8hOeTN4FIFREruQgzbcJnGpsgfIe-UEHos3e
https://encrypted-tbn0.gstatic.com/images?q=tbn%3AANd9GcRO0zbTXYoAER59CDbaoUuvWei1UhNOzTC_4PteSHRFsfHRVTx4
https://encrypted-tbn0.gstatic.com/images?q=tbn%3AANd9GcT1lKoIOuXIUfBUKAEk0lfLdqNMqtCxtcqtnJxLEKNPkuf3jP02
https://encrypted-tbn0.gstatic.com/images?q=tbn%3AANd9GcQLgOPnC98H3mODoCRiw16HsG0A_KQ-KUk8781pfU0xd1kn_8MK
https://encrypted-tbn0.gstatic.com/images?q=tbn%3AANd9GcQKW2v_ueb60WiE2_BspO2-LS_mDdMT0ybhj9q2l9Op0xz4Wm3B
https://encrypted-tbn0.gstatic.com/images?q=tbn%3AANd9GcS6GPju0exDruo6ojxRcd4UXcEFtlTatR0s-1KkMmoYLF3fNDwT
https://encrypted-tbn0.gstatic.com/images?q=tbn%3AANd9GcQ2EmsLEmUPx1zuNyfh0eIBuADyWJoPo9jNMzI5dhxhydXeBgt3
https://encrypted-tbn0.gstatic.com/images?q=tbn%3AANd9GcQeVSLca9Mz7QAEROJLE5PS2x1QUhxCrl1Qx4NA3Mx4rOGk4QL8
https://encrypted-tbn0.gstatic.com/images?q=tbn%3AANd9GcQw6cmywjdGZMN7AlAekT8OzUAc_M158cTTcSKl7EB90haeMlA0
https://encrypted-tbn0.gstatic.com/images?q=tbn%3AANd9GcQ3sLLUtdEiEdVyvHjNo8D5xx4g0ui-B0o_7pOX6uAdhuEfUqd8
https://encrypted-tbn0.gstatic.com/images?q=tbn%3AANd9GcRDHGGAeJq2-hLpBDNFwzRMQRC_-Vys9f05a3WaqtTwg9sKWm_t
https://encrypted-tbn0.gstatic.com/images?q=tbn%3AANd9GcSWXvUAw4mvbreRQlS7JfsOtiR_E50yEt1VHBf82mKgN8UMxQrF
https://encrypted-tbn0.gstatic.com/images?q=tbn%3AANd9GcSBr3YAAYyfJPuw_6eEUMl4s3E5ibSKhBd-S6obq3Ulb7DjU9F1
https://encrypted-tbn0.gstatic.com/images?q=tbn%3AANd9GcR2tPdBKiEsV2Bv3CQFA29a8tfKyP8x6YfQest902TWiv8linkQ
https://encrypted-tbn0.gstatic.com/images?q=tbn%3AANd9GcSOFXRs3GUkryVmyLfTuXQlz5eqCth5To6AAbno6_XnuAJ5pO1-
https://encrypted-tbn0.gstatic.com/images?q=tbn%3AANd9GcS2NcCIhRs6-mWVUegJE1NY8LHyrnmwT1vqGNCi1eojcoAF7DeB
https://encrypted-tbn0.gstatic.com/images?q=tbn%3AANd9GcThx17DG-7XxAS4rRy-Ev-PWoy_7W1D5OssfuRqtoiDzp4_BlzA
https://encrypted-tbn0.gstatic.com/images?q=tbn%3AANd9GcTGdeyFKn4Aj9FQ365SNMH7AyQi0P-Y4VKmpGYQRZsd8Ymh7eqg
https://encrypted-tbn0.gstatic.com/images?q=tbn%3AANd9GcTCw77n8W37bSe-jQq0poz9HiXVnfgaquLh92569izMXisOVLTO
https://encrypted-tbn0.gstatic.com/images?q=tbn%3AANd9GcQ6UQUOuETwb69r2BKP0hgzVrDL4u1ig5LpGnm7doPU0pOyzG18
https://encrypted-tbn0.gstatic.com/images?q=tbn%3AANd9GcTmhcs5HDB7cN5q30ueC5LMOz3kgiTUf_Injo3TQ4SxJWUzBuoP
https://encrypted-tbn0.gstatic.com/images?q=tbn%3AANd9GcS_cYYli-aicnJfYeGZojlMuUVUC26IGlsrUaUnmpN5hmTTABRX
https://encrypted-tbn0.gstatic.com/images?q=tbn%3AANd9GcSxEr3Ycnxl59PPNT-rOSbB8vuk0bmiIGEwk5wUOYL7Y3gyW4Nf
https://encrypted-tbn0.gstatic.com/images?q=tbn%3AANd9GcTWNHw2dkgjpWD7_HhTJpJcvajfQKxWJ3lrDb0er0bc9jOP5fZJ
https://encrypted-tbn0.gstatic.com/images?q=tbn%3AANd9GcSz5KwdzYmCb1MJzRKcpUHIvN9kq7nsOSFF5hXNB31tfzLQUQCW
https://encrypted-tbn0.gstatic.com/images?q=tbn%3AANd9GcQ2n4vSdPFAJGV61kpr93an6HYk_DI-elKFn9mviMZv3SsPt5UB
https://encrypted-tbn0.gstatic.com/images?q=tbn%3AANd9GcQMmopEVfNGKUrJBzv9QoAdrLpgli7MB0KSaZpX671iBXD2GtFS
https://encrypted-tbn0.gstatic.com/images?q=tbn%3AANd9GcS7sxYdW7fCDz8VMLWYzGmiUSVOwlgKmFbSi2NRFsYhQsZFhPlb
https://encrypted-tbn0.gstatic.com/images?q=tbn%3AANd9GcT2EhuahFBcBIBDnhMlodiIjaf39RVH2iOR36zpjUujcoy0LC0D
https://encrypted-tbn0.gstatic.com/images?q=tbn%3AANd9GcQG1UwLmfT3Tt3z2pPtZw4W3QNQsv0C5H9DKwF8-IfrgwF57tW1
https://encrypted-tbn0.gstatic.com/images?q=tbn%3AANd9GcQoTev8ZYFJz977EPbVc7LVxLP2rzA3cZs1ctm6l8PmjCIkBN6p
https://encrypted-tbn0.gstatic.com/images?q=tbn%3AANd9GcS9Jl5LGBI4KisYx2wQ4KtNMjk4LB9FLvXY-qQm34CMC-ujIy74
https://encrypted-tbn0.gstatic.com/images?q=tbn%3AANd9GcQyLFWJqxlaPGhxqk4AIemMsrm_Klc8Wc_w010FuVx_cbZW091c
https://encrypted-tbn0.gstatic.com/images?q=tbn%3AANd9GcTTA2BRr0t0BH1G3SSUnVlfzmGu44x80guYAuFVMp5uaKX3vOM4
https://encrypted-tbn0.gstatic.com/images?q=tbn%3AANd9GcQfGS3QeVhQDwjYglm2O7Sx4qB0QAC8HDOyV6k0R3bJvooKdvb8
https://encrypted-tbn0.gstatic.com/images?q=tbn%3AANd9GcT5J1HndxjsIbhkfF6HIiKd0k3EiYJs3DCVZiBjkeq6VK7sTiBu
https://encrypted-tbn0.gstatic.com/images?q=tbn%3AANd9GcSiHEA_vv8NapM2EyVNmLj1rsBVzYbWc7hYYqEHRoJZy8uzC1or
https://encrypted-tbn0.gstatic.com/images?q=tbn%3AANd9GcSYMNCDBr3YrQli4U4qOLucjJbaMGQRb9c7litPw6Wtk33El6CJ
https://encrypted-tbn0.gstatic.com/images?q=tbn%3AANd9GcTb5dBBl9gvU3TLs2sa0tsUvHlvndZyHLaO4NnHN9iEaYw3ZPbl
https://encrypted-tbn0.gstatic.com/images?q=tbn%3AANd9GcQJz30WGOuIMVFPCby-rasm58XQZ5iv4QvyQWn3bjSExERjPo4L
https://encrypted-tbn0.gstatic.com/images?q=tbn%3AANd9GcQy6Q-QHb6jlmB_lLmmdnWCr0Kt5FB6oyNFTW_yIz5r4OVeEEGq
https://encrypted-tbn0.gstatic.com/images?q=tbn%3AANd9GcRpdGJeJhjVTmGKa2YgUvbQUIe6RPKE_UX0Fkwj2l83lw0Njnvo
https://encrypted-tbn0.gstatic.com/images?q=tbn%3AANd9GcTmgYGuPbAVSVchWhbpegsevYUjUHgLWuzEhysiz6hvs_QREBRJ
https://encrypted-tbn0.gstatic.com/images?q=tbn%3AANd9GcTtYyHkuQbYFLNY0rQBhp9cbext06sywfwmyOhqi62ozs5GWK3p
https://encrypted-tbn0.gstatic.com/images?q=tbn%3AANd9GcQ-nBs3ApEoVQxDKxFVZ0J6TXDT_yBo4-OUu-CSF7EbqrARGrUT
https://encrypted-tbn0.gstatic.com/images?q=tbn%3AANd9GcSbl8yGDVyZ2pwvmXwrOyQQd8a811g03rqnVd35z8GS2bIlnMx3
https://encrypted-tbn0.gstatic.com/images?q=tbn%3AANd9GcQPisJiVrYmPzg0ZxFqUtCyZ0H-ICpJDPXHzbObZreIB6DfVjsl
https://encrypted-tbn0.gstatic.com/images?q=tbn%3AANd9GcQnCe6Jgqo0qm0rrkzDjksN8yzQnPMDWn4z87wCsoUz-_4yeV7q
https://encrypted-tbn0.gstatic.com/images?q=tbn%3AANd9GcT5uuHXiL6k7SN5NQwhZNM6gV0B3Ga1mPiA3QIUPy_011Dv3hUd
https://encrypted-tbn0.gstatic.com/images?q=tbn%3AANd9GcSMjB2K1jgyqKhtC_MscmGQGSgTNQdxodZJKnCn4dHVx8Ip3JM8
https://encrypted-tbn0.gstatic.com/images?q=tbn%3AANd9GcSgXk62rUa3oz9V82l0px31OiXfNER742lsfSsPXhebds3kMJ5F
https://encrypted-tbn0.gstatic.com/images?q=tbn%3AANd9GcQAi0e45DYRw_VlgPDxzNKUA5SCXGInyaIFWx4KsLGqWxy6SBvA
https://encrypted-tbn0.gstatic.com/images?q=tbn%3AANd9GcSd-BVzLjvrvDLLu_QYld9o9I_my5JSnN5u9C1G-teluFAsCp15
https://encrypted-tbn0.gstatic.com/images?q=tbn%3AANd9GcT96BYJyJoWpnqnwfbXU3jc47-bC1gJg-ONHbqwefi4JRSkyXuV
https://encrypted-tbn0.gstatic.com/images?q=tbn%3AANd9GcRTRHVnap7T032_IFH_evsFl5uWqpmQrZoQIDz2SmXixEcnEN7e
https://encrypted-tbn0.gstatic.com/images?q=tbn%3AANd9GcR96xdeCilUg3TggkdtXRoTN2R5fz9P1ld8IDe3TNMYV2Osbav1
https://encrypted-tbn0.gstatic.com/images?q=tbn%3AANd9GcTICuZ1gHa4PVhF6oLzaKDUMuZguEUuByCeBsaBueENlbgk_-RS
https://encrypted-tbn0.gstatic.com/images?q=tbn%3AANd9GcSCD3-ZiCQO2g-pz6of0-DhQ7LaJUqhou8zejtTl-XX_X3NT0Ha
https://encrypted-tbn0.gstatic.com/images?q=tbn%3AANd9GcR3dE420PCodDlTOfRPlvOhH2YXOEozKqmWw1wTuQX71xp01FQS
https://encrypted-tbn0.gstatic.com/images?q=tbn%3AANd9GcSrLDBdrb46RBLFdlQrRLEbvyWtGJaP66jK3Zyg3sB75Wi1FEWi
https://encrypted-tbn0.gstatic.com/images?q=tbn%3AANd9GcTJD_MOwLRiDpR2CeK_C3LPYmbnpfgTVV1ZblaTsmzVCUgcdx6S
https://encrypted-tbn0.gstatic.com/images?q=tbn%3AANd9GcT57ewG4aA_x0REirJg3zFtlzpg8xyOx2IDg-C2wQA6rcc39uwG
https://encrypted-tbn0.gstatic.com/images?q=tbn%3AANd9GcRPcAIwLGwUQrF8c_IgQPKuRYZariRXSOZTdMg1SbRipdxRakCa
https://encrypted-tbn0.gstatic.com/images?q=tbn%3AANd9GcTcTNd07Bn0H3znan0liSF-vdBIcztZ2aVoK4lYTgyyvr4Mo9i7













